cmd: ./matmul
events: Ir Bc Bcm Bi Bim
fl=./csu/../csu/libc-start.c
fn=__libc_start_main@@GLIBC_2.34
128 2 0 0 0 0
134 3 1 0 0 0
135 7 0 0 1 1
138 1 0 0 0 0
139 2 1 0 0 0
142 3 0 0 0 0
143 2 0 0 0 0
144 11 2 0 0 0
145 4 0 0 1 1
242 13 0 0 0 0
311 3 1 0 0 0
312 3 0 0 0 0
337 6 1 1 0 0
340 2 1 1 0 0
343 2 0 0 0 0
350 2 0 0 0 0
352 2 1 1 0 0
360 4 0 0 0 0
fl=./csu/../sysdeps/nptl/libc_start_call_main.h
fn=(below main)
29 9 0 0 0 0
44 3 0 0 0 0
46 2 1 0 0 0
51 2 0 0 0 0
52 2 0 0 0 0
55 2 0 0 0 0
58 6 0 0 1 1
74 2 0 0 0 0
fl=./csu/./csu/init-first.c
fn=_init_first
46 6 0 0 0 0
51 2 1 0 0 0
55 5 1 0 0 0
61 1 0 0 0 0
62 1 0 0 0 0
63 2 0 0 0 0
71 2 0 0 0 0
72 3 0 0 0 0
fl=./ctype/./ctype/ctype-info.c
fn=__ctype_init
29 1 0 0 0 0
31 7 0 0 0 0
33 4 0 0 0 0
35 4 0 0 0 0
36 1 0 0 0 0
fl=./debug/../sysdeps/x86_64/multiarch/ifunc-memmove.h
fn=__memcpy_chk
56 2 1 0 0 0
57 3 0 0 0 0
60 3 0 0 0 0
61 2 1 1 0 0
74 2 1 0 0 0
77 2 1 0 0 0
85 2 1 1 0 0
93 2 1 1 0 0
96 5 0 0 0 0
fn=__memmove_chk
56 2 1 0 0 0
57 3 0 0 0 0
60 3 0 0 0 0
61 2 1 1 0 0
74 2 1 0 0 0
77 2 1 0 0 0
85 2 1 1 0 0
93 2 1 1 0 0
96 5 0 0 0 0
fn=__mempcpy_chk
56 2 1 0 0 0
57 3 0 0 0 0
60 3 0 0 0 0
61 2 1 1 0 0
74 2 1 0 0 0
77 2 1 0 0 0
85 2 1 1 0 0
93 2 1 1 0 0
96 5 0 0 0 0
fl=./debug/../sysdeps/x86_64/multiarch/ifunc-memset.h
fn=__memset_chk
54 5 1 0 0 0
57 3 0 0 0 0
58 2 1 1 0 0
64 2 0 0 0 0
73 2 1 0 0 0
75 2 1 0 0 0
85 2 1 0 0 0
93 2 1 0 0 0
96 5 0 0 0 0
fl=./debug/../sysdeps/x86_64/multiarch/memcpy_chk.c
fn=__memcpy_chk
29 1 0 0 0 0
fl=./debug/../sysdeps/x86_64/multiarch/memmove_chk.c
fn=__memmove_chk
29 1 0 0 0 0
fl=./debug/../sysdeps/x86_64/multiarch/mempcpy_chk.c
fn=__mempcpy_chk
29 1 0 0 0 0
fl=./debug/../sysdeps/x86_64/multiarch/memset_chk.c
fn=__memset_chk
29 1 0 0 0 0
fl=./elf/../bits/stdlib-bsearch.h
fn=intel_check_word.constprop.0
27 96 0 0 0 0
28 48 0 0 0 0
29 744 372 38 0 0
31 648 0 0 0 0
32 348 0 0 0 0
35 264 0 0 0 0
37 120 0 0 0 0
fl=./elf/../elf/dl-tls.c
fn=_dl_add_to_slotinfo
1017 9 0 0 0 0
1023 1 0 0 0 0
1026 1 0 0 0 0
1027 1 0 0 0 0
1031 3 1 0 0 0
1065 2 1 1 0 0
1068 2 0 0 0 0
1069 3 0 0 0 0
1072 6 0 0 0 0
fn=_dl_allocate_tls_init
523 11 0 0 0 0
524 2 1 0 0 0
528 2 0 0 0 0
531 1 0 0 0 0
534 2 0 0 1 1
537 3 1 0 0 0
549 1 0 0 0 0
554 17 2 0 0 0
560 5 2 1 0 0
563 3 0 0 0 0
564 2 1 0 0 0
570 3 1 0 0 0
571 2 0 0 0 0
573 10 0 0 0 0
576 2 1 0 0 0
577 2 0 0 0 0
580 2 1 0 0 0
581 4 1 0 0 0
583 2 1 0 0 0
584 2 0 0 0 0
593 1 0 0 0 0
601 2 1 1 0 0
603 10 0 0 0 0
609 1 0 0 0 0
615 2 0 0 1 1
618 2 0 0 0 0
621 9 0 0 0 0
fn=_dl_allocate_tls_storage
365 1 0 0 0 0
369 1 0 0 0 0
370 1 0 0 0 0
371 2 1 0 0 0
374 1 0 0 0 0
380 2 0 0 0 0
417 7 0 0 0 0
419 1 0 0 0 0
430 1 0 0 0 0
431 1 0 0 0 0
432 2 1 0 0 0
440 6 0 0 0 0
441 1 0 0 0 0
445 305 296 10 0 0
464 1 0 0 0 0
470 7 0 0 0 0
fn=_dl_assign_tls_modid
125 4 0 0 0 0
128 2 1 0 0 0
141 1 0 0 0 0
181 1 0 0 0 0
183 1 0 0 0 0
186 1 0 0 0 0
187 2 0 0 0 0
fn=_dl_count_modids
192 1 0 0 0 0
194 2 1 0 0 0
195 1 0 0 0 0
210 2 0 0 0 0
fn=_dl_determine_tlsoffset
216 9 0 0 0 0
217 1 0 0 0 0
218 1 0 0 0 0
219 1 0 0 0 0
222 4 1 0 0 0
225 2 1 0 0 0
259 1 0 0 0 0
261 11 2 2 0 0
263 5 1 0 0 0
265 3 0 0 0 0
266 2 0 0 0 0
268 2 0 0 0 0
270 5 1 1 0 0
281 1 0 0 0 0
286 8 0 0 0 0
288 2 1 1 0 0
289 1 0 0 0 0
294 1 0 0 0 0
301 1 0 0 0 0
302 7 0 0 0 0
304 2 0 0 0 0
354 1 0 0 0 0
355 8 0 0 0 0
fn=_dl_tls_static_surplus_init
83 3 0 0 0 0
97 8 0 0 0 0
100 6 0 0 0 0
101 5 0 0 0 0
102 3 0 0 0 0
104 4 1 0 0 0
107 1 0 0 0 0
109 1 0 0 0 0
111 3 0 0 0 0
112 6 0 0 0 0
fl=./elf/../include/list.h
fn=__tls_init_tp
43 2 0 0 0 0
44 2 0 0 0 0
45 1 0 0 0 0
47 1 0 0 0 0
fl=./elf/../include/rtld-malloc.h
fn=__minimal_calloc
56 8 0 0 8 1
fn=_dl_allocate_tls_storage
44 2 0 0 1 1
56 1 0 0 1 1
fn=_dl_check_map_versions
44 9 0 0 3 1
fn=_dl_find_object_init
56 2 0 0 1 1
fn=_dl_important_hwcaps
56 4 0 0 2 2
fn=_dl_init_paths
56 5 0 0 3 3
fn=_dl_map_object_deps
56 6 0 0 3 2
fn=_dl_new_object
44 9 0 0 3 1
56 6 0 0 2 1
fn=fillin_rpath.isra.0
50 2 0 0 1 1
51 1 0 0 0 0
56 2 0 0 1 1
fn=init_tls
44 2 0 0 1 1
fl=./elf/../include/scratch_buffer.h
fn=_dl_map_object_deps
77 2 0 0 0 0
78 1 0 0 0 0
85 3 1 1 0 0
131 8 0 0 0 0
fl=./elf/../misc/sbrk.c
fn=sbrk
37 6 0 0 0 0
40 1 0 0 0 0
58 2 1 0 0 0
62 2 1 1 0 0
78 5 0 0 0 0
fl=./elf/../nptl/nptl-stack.h
fn=__libc_early_init
61 8 0 0 0 0
fl=./elf/../sysdeps/generic/_itoa.h
fn=_dl_check_map_versions
76 6 0 0 0 0
fl=./elf/../sysdeps/generic/dl-cache.h
fn=_dl_load_cache_lookup
125 1 0 0 0 0
194 1 0 0 0 0
195 5 1 1 0 0
fl=./elf/../sysdeps/generic/dl-call_tls_init_tp.h
fn=init_tls
31 8 1 0 0 0
33 1 0 0 0 0
fl=./elf/../sysdeps/generic/dl-debug.h
fn=dl_main
29 4 1 0 0 0
30 1 0 0 0 0
fl=./elf/../sysdeps/generic/dl-hash.h
fn=__rtld_malloc_init_real
43 1 0 0 0 0
44 1 0 0 0 0
45 19 6 5 0 0
48 18 0 0 0 0
62 24 0 0 0 0
67 1 0 0 0 0
72 1 0 0 0 0
fl=./elf/../sysdeps/generic/dl-new-hash.h
fn=_dl_lookup_symbol_x
69 102 0 0 0 0
70 204 0 0 0 0
74 817 0 0 0 0
77 1634 817 80 0 0
80 761 0 0 0 0
81 1522 761 53 0 0
87 46 0 0 0 0
88 46 0 0 0 0
89 92 0 0 0 0
90 46 0 0 0 0
99 715 0 0 0 0
101 715 0 0 0 0
102 1430 0 0 0 0
104 715 0 0 0 0
105 715 0 0 0 0
fl=./elf/../sysdeps/generic/dl-protected.h
fn=do_lookup_x
29 380 95 0 0 0
fl=./elf/../sysdeps/generic/ldsodefs.h
fn=_dl_relocate_object
79 35 0 0 0 0
140 315 0 0 0 0
fn=_dl_start
79 6 0 0 0 0
fn=do_lookup_x
139 190 0 0 0 0
140 285 0 0 0 0
fl=./elf/../sysdeps/nptl/dl-mutex.c
fn=__rtld_mutex_init
30 7 0 0 0 0
37 1 0 0 0 0
40 7 0 0 0 0
44 2 1 0 0 0
45 9 1 0 0 0
47 6 0 0 0 0
51 2 1 0 0 0
52 7 1 0 0 0
53 6 0 0 0 0
fl=./elf/../sysdeps/nptl/dl-tls_init_tp.c
fn=__tls_init_tp
68 5 0 0 0 0
69 1 0 0 0 0
72 1 0 0 0 0
75 4 0 0 0 0
76 2 0 0 0 0
77 1 0 0 0 0
82 2 0 0 0 0
87 4 0 0 0 0
90 1 0 0 0 0
93 3 0 0 0 0
105 4 0 0 0 0
121 3 0 0 0 0
128 2 0 0 0 0
129 3 0 0 0 0
fn=__tls_pre_init_tp
53 3 0 0 0 0
56 10 0 0 0 0
61 2 0 0 0 0
62 1 0 0 0 0
64 1 0 0 0 0
fn=rtld_mutex_dummy
42 8 0 0 0 0
44 16 0 0 0 0
fl=./elf/../sysdeps/nptl/pthread_early_init.h
fn=__libc_early_init
33 6 1 0 0 0
34 1 0 0 0 0
38 5 0 0 0 0
45 2 0 0 0 0
46 1 0 0 0 0
48 2 0 0 0 0
52 5 0 0 0 0
53 1 0 0 0 0
54 1 0 0 0 0
56 1 0 0 0 0
fl=./elf/../sysdeps/posix/dl-fileid.h
fn=_dl_map_object_from_fd
37 8 2 0 0 0
40 8 0 0 0 0
49 12 6 5 0 0
fl=./elf/../sysdeps/unix/sysv/linux/brk.c
fn=brk
36 1 0 0 0 0
37 1 0 0 0 0
38 2 1 0 0 0
44 1 0 0 0 0
45 1 0 0 0 0
fl=./elf/../sysdeps/unix/sysv/linux/brk_call.h
fn=brk
24 2 0 0 0 0
fl=./elf/../sysdeps/unix/sysv/linux/dl-osinfo.h
fn=dl_main
39 2 0 0 0 0
52 1 0 0 0 0
fl=./elf/../sysdeps/unix/sysv/linux/dl-parse_auxv.h
fn=_dl_sysdep_parse_arguments
32 2 0 0 0 0
33 1 0 0 0 0
34 1 0 0 0 0
41 85 21 6 0 0
42 40 20 0 0 0
43 40 0 0 0 0
45 1 0 0 0 0
46 2 0 0 0 0
47 2 0 0 0 0
48 2 0 0 0 0
49 1 0 0 0 0
51 2 0 0 0 0
52 2 0 0 0 0
53 2 0 0 0 0
54 2 0 0 0 0
56 2 0 0 0 0
fl=./elf/../sysdeps/unix/sysv/linux/dl-sysdep.c
fn=_dl_sysdep_parse_arguments
78 7 0 0 0 0
79 2 0 0 0 0
80 2 0 0 0 0
81 3 0 0 0 0
82 31 0 0 0 0
83 65 32 10 0 0
86 2 0 0 0 0
90 56 52 10 0 0
93 5 0 0 0 0
94 2 0 0 0 0
95 3 0 0 0 0
96 6 0 0 0 0
fn=_dl_sysdep_start
102 6 0 0 0 0
103 1 0 0 0 0
106 2 0 0 0 0
110 2 0 0 0 0
113 1 0 0 0 0
115 2 0 0 0 0
122 3 1 0 0 0
123 2 0 0 0 0
125 5 1 0 0 0
137 3 1 0 0 0
140 5 0 0 1 1
143 4 0 0 0 0
fn=_dl_sysdep_start_cleanup
147 1 0 0 0 0
148 1 0 0 0 0
fl=./elf/../sysdeps/unix/sysv/linux/dl-vdso-setup.h
fn=dl_main
30 1 0 0 0 0
33 1 0 0 0 0
36 1 0 0 0 0
39 1 0 0 0 0
45 1 0 0 0 0
fl=./elf/../sysdeps/unix/sysv/linux/dl-vdso.h
fn=dl_main
40 2 0 0 0 0
41 5 1 0 0 0
55 2 0 0 0 0
fl=./elf/../sysdeps/unix/sysv/linux/rseq-internal.h
fn=__tls_init_tp
32 3 1 1 0 0
34 7 0 0 0 0
37 2 1 1 0 0
40 1 0 0 0 0
fl=./elf/../sysdeps/unix/sysv/linux/x86/dl-hwcap2.h
fn=update_active.constprop.0
25 2 1 1 0 0
fl=./elf/../sysdeps/unix/sysv/linux/x86/dl-minsigstacksize.h
fn=get_common_indices.constprop.0
24 2 1 0 0 0
27 2 1 0 0 0
28 2 1 0 0 0
65 3 0 0 0 0
72 1 0 0 0 0
74 1 0 0 0 0
fl=./elf/../sysdeps/x86/cpu-features.c
fn=get_common_indices.constprop.0
398 3 0 0 0 0
402 4 1 0 0 0
405 5 0 0 0 0
409 1 0 0 0 0
410 4 0 0 0 0
411 4 0 0 0 0
412 4 0 0 0 0
413 3 0 0 0 0
414 2 1 0 0 0
421 2 1 0 0 0
423 9 0 0 0 0
428 8 0 0 0 0
435 2 1 0 0 0
436 7 0 0 0 0
442 2 1 1 0 0
457 3 0 0 0 0
fn=init_cpu_features.constprop.0
376 3 0 0 0 0
377 2 1 0 0 0
378 6 0 0 0 0
383 2 1 1 0 0
384 6 0 0 0 0
389 2 1 0 0 0
390 7 0 0 0 0
682 8 0 0 0 0
685 1 0 0 0 0
686 1 0 0 0 0
687 1 0 0 0 0
690 1 0 0 0 0
699 3 0 0 0 0
702 6 3 1 0 0
703 1 0 0 0 0
706 2 0 0 0 0
708 6 0 0 0 0
713 1 0 0 0 0
715 3 1 1 0 0
717 9 1 0 0 0
721 7 1 0 1 1
774 3 1 1 0 0
781 2 0 0 0 0
799 1 0 0 0 0
832 2 1 1 0 0
866 4 1 1 0 0
869 2 0 0 0 0
870 1 0 0 0 0
878 2 1 0 0 0
885 2 1 0 0 0
887 2 0 0 0 0
891 2 1 0 0 0
897 2 1 1 0 0
899 1 0 0 0 0
1001 3 1 0 0 0
1002 2 0 0 0 0
1005 2 1 0 0 0
1006 2 0 0 0 0
1012 1 0 0 0 0
1013 1 0 0 0 0
1014 1 0 0 0 0
1015 2 0 0 0 0
1019 4 0 0 0 0
1022 4 0 0 0 0
1028 3 1 1 0 0
1041 2 0 0 0 0
1042 4 1 1 0 0
1081 1 0 0 0 0
1082 2 1 1 0 0
1086 3 1 1 0 0
1103 2 0 0 0 0
1104 2 1 0 0 0
1106 3 1 0 0 0
1107 2 0 0 0 0
1109 3 1 0 0 0
1110 2 0 0 0 0
1113 2 0 0 0 0
1127 4 0 0 0 0
1129 4 0 0 0 0
1135 4 0 0 0 0
1142 8 0 0 0 0
fn=update_active.constprop.0
72 8 0 0 0 0
76 1 0 0 0 0
84 3 0 0 0 0
85 3 0 0 0 0
86 1 0 0 0 0
94 4 0 0 0 0
95 1 0 0 0 0
103 4 0 0 0 0
104 1 0 0 0 0
109 4 0 0 0 0
112 4 0 0 0 0
113 1 0 0 0 0
116 5 0 0 0 0
117 2 0 0 0 0
121 5 0 0 0 0
122 3 0 0 0 0
123 3 0 0 0 0
124 2 0 0 0 0
128 5 0 0 0 0
129 5 0 0 0 0
130 3 0 0 0 0
132 2 1 0 0 0
133 4 0 0 0 0
147 2 1 1 0 0
151 7 0 0 0 0
152 4 0 0 0 0
154 3 1 1 0 0
158 4 1 0 0 0
161 1 0 0 0 0
164 2 1 1 0 0
166 2 0 0 0 0
170 1 0 0 0 0
171 1 0 0 0 0
178 4 0 0 0 0
180 5 0 0 0 0
186 4 0 0 0 0
188 5 0 0 0 0
190 4 0 0 0 0
195 5 1 1 0 0
244 3 0 0 0 0
245 3 1 1 0 0
261 4 1 0 0 0
277 2 1 1 0 0
281 2 0 0 0 0
282 1 0 0 0 0
285 4 0 0 0 0
289 2 1 0 0 0
293 3 0 0 0 0
294 2 1 0 0 0
296 1 0 0 0 0
297 1 0 0 0 0
300 2 0 0 0 0
302 1 0 0 0 0
305 2 1 1 0 0
356 5 1 1 0 0
360 3 1 1 0 0
369 1 0 0 0 0
370 8 0 0 0 0
fl=./elf/../sysdeps/x86/dl-cacheinfo.h
fn=get_common_cache_info.constprop.0
571 11 0 0 0 0
586 1 0 0 0 0
587 1 0 0 0 0
588 2 0 0 0 0
589 1 0 0 0 0
590 2 0 0 0 0
596 3 0 0 0 0
598 7 0 0 0 0
601 2 1 0 0 0
613 1 0 0 0 0
618 3 1 0 0 0
622 2 1 1 0 0
627 5 1 1 0 0
630 24 1 1 0 0
637 8 4 0 0 0
640 26 7 5 0 0
645 2 1 0 0 0
649 3 0 0 0 0
650 2 0 0 0 0
654 2 1 0 0 0
658 3 0 0 0 0
661 4 0 0 0 0
662 1 0 0 0 0
667 4 2 1 0 0
673 4 2 0 0 0
681 6 0 0 0 0
683 2 1 0 0 0
685 4 2 1 0 0
687 12 1 0 0 0
689 1 0 0 0 0
690 1 0 0 0 0
691 9 2 0 0 0
693 4 2 1 0 0
696 7 1 0 0 0
701 1 0 0 0 0
703 4 0 0 0 0
704 3 0 0 0 0
705 1 0 0 0 0
708 2 1 1 0 0
711 2 1 0 0 0
718 1 0 0 0 0
720 4 0 0 0 0
721 1 0 0 0 0
726 2 0 0 0 0
731 2 1 0 0 0
732 1 0 0 0 0
733 2 1 0 0 0
734 1 0 0 0 0
759 3 0 0 0 0
770 5 2 0 0 0
771 5 0 0 0 0
775 2 1 1 0 0
782 1 0 0 0 0
783 2 0 0 0 0
784 1 0 0 0 0
785 7 0 0 0 0
fn=handle_intel.constprop.0
250 108 0 0 0 0
255 24 12 0 0 0
261 12 0 0 0 0
262 12 0 0 0 0
267 48 0 0 0 0
271 24 12 11 0 0
276 24 0 0 0 0
279 60 0 0 0 0
281 24 12 0 0 0
284 60 0 0 0 0
286 24 12 12 0 0
305 96 0 0 0 0
fn=init_cpu_features.constprop.0
792 1 0 0 0 0
793 1 0 0 0 0
795 1 0 0 0 0
809 2 1 1 0 0
811 3 0 0 0 0
812 3 0 0 0 0
813 3 0 0 0 0
814 2 0 0 0 0
817 3 0 0 0 0
819 3 0 0 0 0
820 2 0 0 0 0
822 3 0 0 0 0
824 3 0 0 0 0
825 1 0 0 0 0
827 3 0 0 0 0
829 3 0 0 0 0
830 2 0 0 0 0
832 3 0 0 0 0
834 3 0 0 0 0
836 3 0 0 0 0
838 5 0 0 0 0
894 2 0 0 0 0
895 2 0 0 0 0
896 2 0 0 0 0
897 2 0 0 0 0
898 2 0 0 0 0
899 2 0 0 0 0
900 1 0 0 0 0
901 1 0 0 0 0
902 1 0 0 0 0
903 1 0 0 0 0
904 1 0 0 0 0
905 1 0 0 0 0
907 1 0 0 0 0
910 3 0 0 0 0
924 3 0 0 0 0
925 7 0 0 0 0
930 2 0 0 0 0
931 6 0 0 0 0
932 2 0 0 0 0
939 3 1 0 0 0
959 6 0 0 0 0
968 2 0 0 0 0
969 2 1 1 0 0
974 12 0 0 0 0
987 5 0 0 0 0
995 7 0 0 0 0
997 2 1 1 0 0
1000 5 0 0 0 0
1002 2 1 1 0 0
1005 5 0 0 0 0
1006 5 1 0 0 0
1010 6 0 0 0 0
1011 3 1 1 0 0
1017 7 0 0 0 0
1020 11 0 0 0 0
1021 10 0 0 0 0
1022 13 0 0 0 0
1025 10 0 0 0 0
1027 10 0 0 0 0
1040 4 0 0 0 0
1042 2 0 0 0 0
1043 2 0 0 0 0
1044 1 0 0 0 0
1045 1 0 0 0 0
1046 1 0 0 0 0
1047 1 0 0 0 0
fn=intel_check_word.constprop.0
110 648 324 6 0 0
113 324 324 41 0 0
119 216 0 0 0 0
123 48 24 0 0 0
125 12 0 0 0 0
129 120 0 0 0 0
131 144 72 2 0 0
133 60 0 0 0 0
135 120 60 0 0 0
143 120 60 2 0 0
152 12 0 0 0 0
155 138 12 5 0 0
158 99 33 1 0 0
162 58 0 0 0 0
164 189 35 6 0 0
167 120 20 3 0 0
168 72 18 4 0 0
169 60 15 3 0 0
170 48 12 4 0 0
172 11 0 0 0 0
174 22 11 4 0 0
176 12 0 0 0 0
177 16 0 0 0 0
178 12 0 0 0 0
179 20 0 0 0 0
180 14 7 3 0 0
181 12 0 0 0 0
183 8 4 0 0 0
184 12 0 0 0 0
187 21 0 0 0 0
190 2 0 0 0 0
194 192 48 6 0 0
202 168 0 0 0 0
216 48 0 0 0 0
246 144 0 0 0 0
fl=./elf/../sysdeps/x86/dl-get-cpu-features.c
fn=__x86_cpu_features
39 3 1 0 0 0
71 3 0 0 0 0
fn=_dl_x86_init_cpu_features
37 1 0 0 0 0
39 3 1 1 0 0
41 1 0 0 0 0
fl=./elf/../sysdeps/x86/dl-isa-level.h
fn=_dl_load_cache_lookup
28 6 0 0 0 0
fl=./elf/../sysdeps/x86/dl-procinfo.h
fn=_dl_load_cache_lookup
39 2 1 0 0 0
42 7 1 1 0 0
fl=./elf/../sysdeps/x86/dl-prop.h
fn=_dl_map_object_from_fd
149 8 4 4 0 0
fn=_dl_process_pt_gnu_property
95 20 5 0 0 0
102 10 5 0 0 0
115 10 5 3 0 0
118 5 0 0 0 0
252 4 2 0 0 0
253 2 0 0 0 0
254 6 3 0 0 0
255 3 0 0 0 0
257 20 0 0 0 0
258 1 0 0 0 0
260 5 0 0 0 0
fn=dl_main
36 2 0 0 0 0
37 15 5 3 0 0
40 7 0 0 0 0
49 22 8 1 0 0
53 18 3 0 0 0
71 2 0 0 0 0
149 4 2 2 0 0
235 4 0 0 0 0
236 2 0 0 0 0
fl=./elf/../sysdeps/x86/get-isa-level.h
fn=_dl_hwcaps_subdirs_active
30 4 1 1 0 0
31 1 0 0 0 0
32 3 1 0 0 0
36 3 1 0 0 0
39 4 1 0 0 0
40 4 1 0 0 0
45 4 1 0 0 0
48 2 1 0 0 0
51 5 1 0 0 0
53 4 1 0 0 0
54 2 1 0 0 0
55 2 1 0 0 0
58 4 1 1 0 0
fn=update_active.constprop.0
28 1 0 0 0 0
30 4 0 0 0 0
31 1 0 0 0 0
32 3 1 0 0 0
36 3 1 1 0 0
38 1 0 0 0 0
39 2 1 0 0 0
40 4 1 0 0 0
45 4 0 0 0 0
47 1 0 0 0 0
48 2 1 0 0 0
51 5 1 0 0 0
53 4 1 0 0 0
54 2 0 0 0 0
55 2 1 0 0 0
57 1 0 0 0 0
58 4 1 1 0 0
fl=./elf/../sysdeps/x86_64/dl-cet.c
fn=_dl_cet_check
145 2 1 0 0 0
157 2 1 1 0 0
173 1 0 0 0 0
179 1 0 0 0 0
275 2 1 0 0 0
276 1 0 0 0 0
277 2 0 0 0 0
282 4 0 0 0 0
283 3 0 0 0 0
285 2 0 0 0 0
293 5 1 0 0 0
296 1 0 0 0 0
300 2 1 0 0 0
301 1 0 0 0 0
302 2 0 0 0 0
303 2 1 0 0 0
304 2 0 0 0 0
305 2 0 0 0 0
308 1 0 0 0 0
310 1 0 0 0 0
313 2 1 0 0 0
361 8 0 0 0 0
363 6 0 0 0 0
fn=_dl_cet_setup_features
331 1 0 0 0 0
334 2 1 0 0 0
350 1 0 0 0 0
fl=./elf/../sysdeps/x86_64/dl-hwcaps-subdirs.c
fn=_dl_hwcaps_subdirs_active
29 1 0 0 0 0
38 3 0 0 0 0
43 1 0 0 0 0
48 1 0 0 0 0
52 1 0 0 0 0
fl=./elf/../sysdeps/x86_64/dl-machine.h
fn=_dl_relocate_object
81 16 2 2 0 0
267 240 0 0 0 0
274 240 120 0 0 0
278 240 120 0 0 0
287 1239 265 26 0 0
290 258 0 0 0 0
291 94 47 14 0 0
292 452 113 1 0 0
317 720 120 0 120 18
320 22 0 0 0 0
323 22 0 0 0 0
393 20 0 0 0 0
400 48 16 0 0 0
402 64 16 0 0 0
406 48 0 0 0 0
415 32 0 0 0 0
423 210 0 0 0 0
436 7 1 0 0 0
476 94 0 0 0 0
478 47 0 0 47 47
479 47 0 0 0 0
498 18 0 0 0 0
499 6 0 0 0 0
503 12 6 0 0 0
504 12 0 0 0 0
730 8 4 1 0 0
734 6 3 0 0 0
fn=_dl_start
55 1 0 0 0 0
278 9 3 0 0 0
287 27 3 0 0 0
290 6 0 0 0 0
291 12 3 0 0 0
317 8 4 3 0 0
323 2 0 0 0 0
fn=_dl_sysdep_start
220 1 0 0 0 0
fl=./elf/./dl-find_object.h
fn=_dl_find_object_from_map
95 8 0 0 0 0
96 8 0 0 0 0
97 4 0 0 0 0
103 20 0 0 0 0
104 119 41 4 0 0
105 82 41 18 0 0
107 12 0 0 0 0
112 4 0 0 0 0
fl=./elf/./dl-hwcaps.h
fn=_dl_important_hwcaps
43 9 0 0 0 0
45 7 0 0 0 0
46 1 0 0 0 0
77 8 0 0 0 0
78 8 0 0 0 0
79 7 0 0 0 0
fl=./elf/./dl-load.h
fn=_dl_map_object_from_fd
91 16 8 1 0 0
92 4 1 0 0 0
93 5 1 0 0 0
94 4 0 0 0 0
96 4 0 0 0 0
fl=./elf/./dl-main.h
fn=dl_main
109 5 0 0 0 0
fl=./elf/./dl-map-segments.h
fn=_dl_map_object_from_fd
28 6 2 0 0 0
29 18 0 0 0 0
81 2 0 0 0 0
101 2 0 0 0 0
102 6 2 0 0 0
105 6 0 0 0 0
106 4 0 0 0 0
108 4 2 2 0 0
125 2 0 0 0 0
135 48 8 2 0 0
137 24 6 0 0 0
139 60 6 2 0 0
149 32 8 7 0 0
155 4 0 0 0 0
156 2 0 0 0 0
157 6 0 0 0 0
158 4 0 0 0 0
160 4 0 0 0 0
165 4 2 0 0 0
168 6 2 0 0 0
176 14 0 0 0 0
182 4 2 1 0 0
186 8 0 0 0 0
189 2 1 1 0 0
194 8 0 0 0 0
fl=./elf/./dl-sym-post.h
fn=lookup_malloc_symbol
41 8 4 0 0 0
53 12 4 0 0 0
fl=./elf/./dl-tunable-types.h
fn=__GI___tunable_set_val
84 5 0 0 0 0
fl=./elf/./elf/dl-audit.c
fn=_dl_audit_activity_map
29 7 0 0 0 0
30 1 0 0 0 0
31 3 1 1 0 0
37 6 0 0 0 0
fn=_dl_audit_activity_nsid
41 3 0 0 0 0
45 12 0 0 0 0
46 3 0 0 0 0
47 15 6 1 0 0
fn=_dl_audit_objclose
97 4 0 0 0 0
98 16 4 0 0 0
fn=_dl_audit_objopen
77 2 0 0 0 0
78 8 2 0 0 0
fn=_dl_audit_preinit
118 1 0 0 0 0
119 4 1 0 0 0
fl=./elf/./elf/dl-cache.c
fn=_dl_cache_libcmp
357 14 0 0 0 0
358 81 37 8 0 0
360 108 36 1 0 0
362 38 1 0 0 0
368 4 0 0 0 0
369 3 0 0 0 0
370 33 1 1 0 0
372 33 1 1 0 0
374 2 1 1 0 0
380 70 35 0 0 0
382 70 35 6 0 0
383 18 0 0 0 0
386 29 0 0 0 0
387 29 0 0 0 0
390 10 0 0 0 0
fn=_dl_load_cache_lookup
191 12 0 0 0 0
205 1 0 0 0 0
208 8 0 0 0 0
210 10 0 0 0 0
211 2 0 0 0 0
213 5 0 0 0 0
220 15 6 3 0 0
222 40 0 0 0 0
223 12 0 0 0 0
227 18 6 0 0 0
231 18 0 0 0 0
232 12 6 1 0 0
240 4 2 1 0 0
242 2 0 0 0 0
245 2 1 0 0 0
247 6 0 0 0 0
249 1 0 0 0 0
259 2 1 1 0 0
269 3 1 0 0 0
270 4 1 0 0 0
286 7 1 0 0 0
295 2 1 0 0 0
298 2 1 0 0 0
301 1 0 0 0 0
302 3 1 1 0 0
330 2 0 0 0 0
346 5 5 4 0 0
347 3 0 0 0 0
349 2 0 0 0 0
403 10 0 0 0 0
405 2 1 0 0 0
408 3 1 1 0 0
411 5 0 0 0 0
419 5 2 0 0 0
420 8 2 1 0 0
423 6 1 0 0 0
424 1 0 0 0 0
431 1 0 0 0 0
432 2 0 0 0 0
482 3 1 0 0 0
485 3 0 0 0 0
500 2 1 0 0 0
512 3 0 0 0 0
513 15 2 1 0 0
514 4 0 0 0 0
515 1 0 0 0 0
516 8 0 0 0 0
fn=_dl_unload_cache
525 3 0 0 0 0
526 4 1 1 0 0
528 2 0 0 0 0
529 1 0 0 0 0
533 1 0 0 0 0
535 2 0 0 0 0
fl=./elf/./elf/dl-call-libc-early-init.c
fn=_dl_call_libc_early_init
27 7 0 0 0 0
29 2 1 0 0 0
33 5 0 0 0 0
37 2 1 0 0 0
39 4 1 0 0 0
40 2 0 0 1 1
41 3 0 0 0 0
fl=./elf/./elf/dl-call_fini.c
fn=_dl_call_fini
24 32 0 0 0 0
28 8 4 0 0 0
32 4 0 0 0 0
34 4 0 0 0 0
35 8 4 2 0 0
38 4 0 0 0 0
39 6 0 0 0 0
42 16 4 0 0 0
43 2 0 0 2 2
47 4 0 0 0 0
48 8 4 2 0 0
49 6 0 0 2 2
50 22 0 0 0 0
fl=./elf/./elf/dl-catch.c
fn=_dl_catch_error
254 12 0 0 0 0
256 2 0 0 0 0
257 2 0 0 0 0
258 2 0 0 0 0
259 2 0 0 0 0
261 6 0 0 0 0
fn=_dl_catch_exception
58 9 3 2 0 0
59 6 0 0 0 0
69 6 3 0 0 0
70 15 0 0 0 0
204 24 0 0 0 0
207 6 3 0 0 0
214 3 0 0 0 0
228 3 0 0 0 0
229 6 0 0 0 0
235 18 3 0 0 0
237 9 0 0 3 2
239 12 0 0 0 0
248 9 0 0 0 0
fn=_dl_receive_error
58 2 1 0 0 0
59 1 0 0 0 0
69 2 1 0 0 0
70 2 0 0 0 0
186 7 0 0 0 0
188 1 0 0 0 0
192 1 0 0 0 0
194 1 0 0 1 1
197 1 0 0 0 0
198 4 0 0 0 0
fl=./elf/./elf/dl-debug.c
fn=_dl_debug_initialize
56 3 0 0 0 0
57 1 0 0 0 0
59 2 1 0 0 0
61 2 0 0 0 0
63 3 1 0 0 0
64 1 0 0 0 0
85 3 1 1 0 0
90 3 0 0 0 0
91 2 0 0 0 0
92 1 0 0 0 0
95 3 1 1 0 0
96 6 0 0 0 0
99 2 1 1 0 0
107 2 0 0 0 0
fn=_dl_debug_state
116 2 0 0 0 0
117 2 0 0 0 0
fn=_dl_debug_update
38 3 0 0 0 0
40 6 3 3 0 0
41 3 0 0 0 0
44 6 3 0 0 0
48 3 0 0 0 0
fl=./elf/./elf/dl-deps.c
fn=_dl_map_object_deps
128 3 0 0 0 0
129 5 0 0 0 0
130 6 0 0 0 0
132 3 0 0 0 0
136 8 0 0 0 0
143 13 0 0 0 0
144 20 2 2 0 0
160 9 2 0 0 0
161 1 0 0 0 0
164 1 0 0 0 0
182 1 0 0 0 0
183 6 0 0 0 0
184 1 0 0 0 0
188 9 0 0 0 0
190 12 0 0 0 0
193 4 0 0 0 0
197 12 4 4 0 0
198 25 11 2 0 0
201 8 2 0 0 0
205 4 0 0 0 0
208 16 8 3 0 0
210 8 2 2 0 0
215 2 0 0 0 0
216 2 0 0 0 0
217 4 0 0 0 0
218 4 0 0 0 0
219 2 0 0 0 0
221 238 58 9 0 0
222 112 56 6 0 0
228 23 2 2 0 0
230 2 0 0 0 0
232 8 0 0 0 0
233 4 2 0 0 0
242 2 0 0 0 0
244 4 2 0 0 0
249 14 2 2 0 0
252 2 0 0 0 0
253 2 0 0 0 0
254 2 0 0 0 0
255 4 0 0 0 0
256 2 0 0 0 0
257 2 0 0 0 0
259 8 0 0 0 0
263 6 2 1 0 0
264 3 0 0 0 0
266 162 54 5 0 0
417 8 4 2 0 0
419 10 0 0 0 0
422 4 0 0 0 0
423 8 2 0 0 0
429 2 0 0 0 0
430 10 0 0 0 0
431 10 0 0 0 0
434 2 0 0 0 0
435 4 0 0 0 0
439 12 4 4 0 0
441 4 0 0 0 0
442 17 7 6 0 0
448 5 1 0 0 0
449 1 0 0 0 0
452 4 1 1 0 0
463 5 0 0 0 0
465 4 1 0 0 0
470 5 0 0 0 0
471 1 0 0 0 0
472 2 0 0 0 0
474 16 5 2 0 0
478 4 0 0 0 0
483 8 4 3 0 0
485 12 0 0 0 0
490 4 0 0 0 0
494 2 0 0 0 0
495 3 1 1 0 0
532 2 1 0 0 0
533 2 1 1 0 0
547 9 0 0 0 0
552 9 0 0 0 0
553 5 0 0 0 0
557 1 0 0 0 0
559 2 0 0 0 0
560 1 0 0 0 0
561 3 1 1 0 0
568 3 1 1 0 0
571 2 1 0 0 0
574 8 0 0 0 0
fn=openaux
61 12 0 0 0 0
64 22 0 0 0 0
65 2 0 0 0 0
68 2 0 0 0 0
69 6 0 0 0 0
fl=./elf/./elf/dl-environ.c
fn=_dl_next_ld_env_entry
28 3 0 0 0 0
29 3 0 0 0 0
32 97 32 2 0 0
34 62 31 17 0 0
35 18 9 6 0 0
37 2 0 0 0 0
40 4 0 0 0 0
42 2 0 0 0 0
45 29 0 0 0 0
fl=./elf/./elf/dl-find_object.c
fn=_dl_find_object_init
561 5 0 0 0 0
564 1 0 0 0 0
566 2 1 1 0 0
567 3 0 0 0 0
579 2 0 0 0 0
580 3 0 0 0 0
582 2 1 0 0 0
585 2 1 0 0 0
590 1 0 0 0 0
591 1 0 0 0 0
594 3 1 1 0 0
596 2 0 0 0 0
599 6 0 0 0 0
601 1 0 0 0 0
604 4 0 0 0 0
fn=_dlfo_process_initial
474 8 0 0 0 0
475 2 0 0 0 0
477 2 0 0 0 0
478 4 2 0 0 0
504 24 4 0 0 0
505 22 10 4 0 0
506 8 0 0 0 0
508 28 14 2 0 0
511 24 6 4 0 0
513 18 6 3 0 0
515 6 0 0 0 0
516 6 0 0 0 0
517 12 0 0 0 0
529 2 0 0 0 0
531 8 0 0 0 0
fn=_dlfo_sort_mappings
536 1 0 0 0 0
537 2 1 0 0 0
540 12 2 1 0 0
544 4 0 0 0 0
545 19 5 1 0 0
546 15 3 1 0 0
548 2 0 0 0 0
549 2 0 0 0 0
553 8 0 0 0 0
554 10 0 0 0 0
555 4 0 0 0 0
557 1 0 0 0 0
fl=./elf/./elf/dl-fini.c
fn=_dl_fini
26 11 0 0 0 0
43 1 0 0 0 0
46 13 2 1 0 0
49 2 0 0 1 1
51 1 0 0 0 0
54 2 1 0 0 0
56 5 1 0 0 0
61 1 0 0 0 0
63 4 0 0 0 0
68 18 2 2 0 0
73 16 5 5 0 0
75 8 4 0 0 0
77 8 4 0 0 0
79 8 0 0 0 0
80 4 0 0 0 0
81 4 0 0 0 0
85 4 0 0 0 0
87 6 1 0 0 0
88 6 1 1 0 0
94 6 0 0 0 0
103 2 0 0 1 1
108 26 5 3 0 0
110 4 0 0 0 0
112 8 4 3 0 0
114 16 0 0 0 0
117 8 0 0 0 0
122 4 0 0 0 0
126 5 0 0 0 0
132 6 2 1 0 0
134 1 0 0 0 0
138 2 1 0 0 0
145 8 0 0 0 0
fl=./elf/./elf/dl-hwcaps.c
fn=_dl_important_hwcaps
52 16 4 2 0 0
54 2 0 0 0 0
55 4 0 0 0 0
56 2 0 0 0 0
57 2 0 0 0 0
77 16 4 2 0 0
80 16 0 0 0 0
84 2 0 0 0 0
86 6 0 0 0 0
87 2 0 0 0 0
88 2 0 0 0 0
100 5 0 0 0 0
102 3 1 0 0 0
105 1 0 0 0 0
108 1 0 0 0 0
112 5 1 0 0 0
125 12 3 2 0 0
127 10 0 0 0 0
128 4 0 0 0 0
129 4 0 0 0 0
130 2 0 0 0 0
133 3 1 0 0 0
142 13 2 0 0 0
143 11 1 1 0 0
145 8 0 0 0 0
151 5 0 0 0 0
155 4 0 0 0 0
156 3 1 1 0 0
157 3 1 0 0 0
161 1 0 0 0 0
162 2 0 0 0 0
163 2 0 0 0 0
172 14 0 0 0 0
174 2 0 0 0 0
175 3 0 0 0 0
185 2 0 0 0 0
186 3 0 0 0 0
189 3 0 0 0 0
193 2 0 0 0 0
194 2 1 0 0 0
201 1 0 0 0 0
202 5 0 0 0 0
208 2 0 0 0 0
209 1 0 0 0 0
213 3 0 0 0 0
216 9 0 0 0 0
fl=./elf/./elf/dl-hwcaps_split.c
fn=_dl_hwcaps_split
25 5 0 0 0 0
26 3 1 1 0 0
27 1 0 0 0 0
47 4 0 0 0 0
fn=_dl_hwcaps_split_masked
26 44 11 9 0 0
30 24 0 0 0 0
34 78 18 6 0 0
35 12 0 0 0 0
36 24 12 3 0 0
41 36 0 0 0 0
42 18 9 2 0 0
43 12 0 0 0 0
45 6 0 0 0 0
51 110 0 0 0 0
55 5 0 0 0 0
56 18 0 0 0 0
57 27 0 0 0 0
58 24 9 3 0 0
60 6 0 0 0 0
62 88 0 0 0 0
67 12 6 4 0 0
fl=./elf/./elf/dl-init.c
fn=_dl_init
29 10 5 1 0 0
35 25 5 0 0 0
37 26 5 2 0 0
81 13 0 0 0 0
82 1 0 0 0 0
83 1 0 0 0 0
86 3 1 1 0 0
89 2 0 0 0 0
94 4 1 0 0 0
119 1 0 0 0 0
120 20 5 3 0 0
121 8 0 0 0 0
127 8 0 0 0 0
fn=call_init.part.0
26 48 0 0 0 0
43 12 0 0 0 0
46 12 4 1 0 0
47 2 1 1 0 0
51 6 3 0 0 0
59 9 3 2 0 0
60 6 0 0 1 1
63 3 0 0 0 0
64 6 3 1 0 0
70 6 0 0 0 0
72 4 0 0 0 0
73 22 5 1 0 0
74 12 0 0 3 3
76 32 0 0 0 0
fl=./elf/./elf/dl-load.c
fn=_dl_dst_count
238 18 0 0 0 0
241 4 0 0 0 0
244 4 2 0 0 0
245 2 0 0 0 0
264 18 0 0 0 0
fn=_dl_init_paths
706 13 0 0 0 0
720 4 0 0 0 0
725 1 0 0 0 0
727 3 1 0 0 0
734 3 0 0 0 0
735 2 0 0 0 0
739 4 0 0 0 0
741 4 1 0 0 0
747 1 0 0 0 0
748 1 0 0 0 0
756 8 0 0 0 0
758 8 0 0 0 0
759 4 0 0 0 0
761 5 0 0 0 0
762 7 0 0 0 0
763 4 0 0 0 0
766 13 3 0 0 0
767 10 4 3 0 0
768 18 0 0 0 0
770 32 4 1 0 0
776 1 0 0 0 0
777 1 0 0 0 0
782 1 0 0 0 0
785 3 0 0 0 0
787 4 1 0 0 0
789 3 1 1 0 0
806 1 0 0 0 0
808 3 1 1 0 0
822 2 0 0 0 0
825 5 2 1 0 0
827 23 2 2 0 0
831 2 0 0 0 0
832 60 15 10 0 0
833 14 0 0 0 0
834 28 0 0 0 0
836 1 0 0 0 0
837 1 0 0 0 0
838 2 1 0 0 0
844 6 0 0 0 0
847 3 1 0 0 0
853 1 0 0 0 0
857 8 0 0 0 0
fn=_dl_map_object
682 10 3 3 0 0
696 5 0 0 0 0
1967 36 0 0 0 0
1969 2 0 0 0 0
1975 6 3 0 0 0
1976 12 3 0 0 0
1979 51 9 2 0 0
1984 49 7 0 0 0
1986 35 7 1 0 0
1990 12 6 0 0 0
1991 18 6 3 0 0
1994 10 2 2 0 0
1995 6 0 0 0 0
1996 10 2 2 0 0
2010 8 2 0 0 0
2011 6 0 0 0 0
2019 6 2 0 0 0
2034 2 0 0 0 0
2036 10 2 1 0 0
2040 4 0 0 0 0
2042 2 1 0 0 0
2049 4 2 1 0 0
2053 1 0 0 0 0
2054 1 0 0 0 0
2058 3 1 1 0 0
2059 1 0 0 0 0
2073 5 1 0 0 0
2074 7 2 1 0 0
2075 1 0 0 0 0
2084 2 1 1 0 0
2099 2 1 0 0 0
2100 16 1 1 0 0
2106 3 1 1 0 0
2107 1 0 0 0 0
2115 1 0 0 0 0
2129 2 1 0 0 0
2131 3 1 1 0 0
2135 3 0 0 0 0
2137 2 1 0 0 0
2141 2 1 0 0 0
2149 2 1 0 0 0
2172 9 0 0 0 0
2176 3 1 0 0 0
2177 1 0 0 0 0
2194 2 1 1 0 0
2200 1 0 0 0 0
2201 4 0 0 0 0
2202 2 1 0 0 0
2203 2 1 0 0 0
2207 9 0 0 0 0
2210 3 1 0 0 0
2222 8 0 0 0 0
2267 4 0 0 0 0
2268 34 0 0 0 0
2270 29 0 0 0 0
fn=_dl_map_object_from_fd
944 28 0 0 0 0
959 8 2 2 0 0
989 29 7 4 0 0
990 10 5 0 0 0
1008 4 2 2 0 0
1036 8 2 0 0 0
1046 4 2 0 0 0
1053 16 0 0 0 0
1054 4 2 0 0 0
1065 4 0 0 0 0
1066 6 0 0 0 0
1067 4 0 0 0 0
1069 6 0 0 0 0
1070 8 2 1 0 0
1071 2 0 0 0 0
1074 17 2 2 0 0
1075 6 1 1 0 0
1086 2 0 0 0 0
1088 2 0 0 0 0
1090 44 4 2 0 0
1091 2 0 0 0 0
1092 2 0 0 0 0
1093 2 0 0 0 0
1094 2 0 0 0 0
1100 87 27 0 0 0
1101 213 106 30 0 0
1107 4 2 0 0 0
1114 5 0 0 0 0
1115 6 0 0 0 0
1116 20 0 0 0 0
1121 2 0 0 0 0
1122 1 0 0 0 0
1127 62 8 0 0 0
1135 40 0 0 0 0
1136 52 0 0 0 0
1137 40 0 0 0 0
1138 8 0 0 0 0
1139 16 0 0 0 0
1141 56 0 0 0 0
1143 16 0 0 0 0
1156 16 8 2 0 0
1157 30 0 0 0 0
1162 8 0 0 0 0
1163 82 0 0 0 0
1176 3 1 0 0 0
1180 4 0 0 0 0
1181 1 0 0 0 0
1185 5 0 0 0 0
1186 2 0 0 0 0
1189 1 0 0 0 0
1194 4 1 1 0 0
1209 4 0 0 0 0
1210 2 0 0 0 0
1213 6 0 0 0 0
1218 14 2 0 0 0
1228 38 8 6 0 0
1229 16 0 0 0 0
1235 4 2 0 0 0
1245 8 4 0 0 0
1252 14 0 0 0 0
1264 2 0 0 0 0
1268 8 2 0 0 0
1269 6 0 0 0 0
1275 4 0 0 0 0
1276 4 2 2 0 0
1278 4 2 2 0 0
1288 6 2 0 0 0
1307 6 0 0 0 0
1309 12 2 0 0 0
1361 6 2 1 0 0
1362 2 0 0 0 0
1368 70 27 2 0 0
1369 117 46 21 0 0
1375 33 0 0 0 0
1380 8 2 0 0 0
1393 4 2 0 0 0
1395 8 0 0 0 0
1397 4 2 0 0 0
1413 4 0 0 0 0
1417 4 2 0 0 0
1418 4 2 2 0 0
1435 4 2 1 0 0
1436 1 0 0 0 0
1439 4 0 0 0 0
1444 4 2 0 0 0
1449 4 2 0 0 0
1461 16 2 2 0 0
1462 6 2 1 0 0
1463 9 2 1 0 0
1464 3 0 0 0 0
1465 5 0 0 0 0
1471 4 2 1 0 0
1472 4 1 1 0 0
1477 2 0 0 0 0
1484 6 0 0 0 0
1487 4 2 0 0 0
1491 6 0 0 0 0
1492 6 2 2 0 0
1510 4 2 2 0 0
1514 14 2 0 0 0
1515 8 0 0 0 0
1519 18 0 0 0 0
fn=_dl_process_pt_gnu_property
868 9 0 0 0 0
869 6 0 0 0 0
870 3 0 0 0 0
876 6 3 0 0 0
882 15 3 0 0 0
885 9 3 0 0 0
886 6 3 0 0 0
887 6 3 0 0 0
890 9 3 0 0 0
891 9 3 0 0 0
895 3 0 0 0 0
896 6 0 0 0 0
900 10 0 0 0 0
901 5 0 0 0 0
904 10 5 0 0 0
907 5 0 0 0 0
908 20 5 0 0 0
918 9 0 0 0 0
920 12 3 1 0 0
fn=expand_dynamic_string_token
241 6 0 0 0 0
244 4 2 1 0 0
385 20 0 0 0 0
399 4 0 0 0 0
410 14 0 0 0 0
fn=fillin_rpath.isra.0
468 17 0 0 0 0
472 1 0 0 0 0
474 12 2 1 0 0
481 2 1 0 0 0
483 6 0 0 0 0
487 2 1 0 0 0
492 3 0 0 0 0
493 2 1 1 0 0
500 5 2 2 0 0
505 2 0 0 0 0
509 15 5 2 0 0
510 8 4 4 0 0
528 4 1 1 0 0
532 4 0 0 0 0
534 2 1 0 0 0
538 1 0 0 0 0
539 2 0 0 0 0
540 4 0 0 0 0
541 1 0 0 0 0
543 2 1 1 0 0
549 4 0 0 0 0
550 14 4 1 0 0
551 4 0 0 0 0
553 2 0 0 0 0
554 3 1 1 0 0
555 1 0 0 0 0
561 2 0 0 0 0
562 1 0 0 0 0
565 3 0 0 0 0
571 1 0 0 0 0
574 8 0 0 0 0
fn=open_path
1812 11 0 0 0 0
1813 2 0 0 0 0
1816 1 0 0 0 0
1817 1 0 0 0 0
1819 2 1 0 0 0
1822 2 0 0 0 0
1824 22 2 2 0 0
1827 2 0 0 0 0
1831 1 0 0 0 0
1835 6 1 0 0 0
1842 6 0 0 0 0
1843 22 5 1 0 0
1846 6 3 0 0 0
1851 33 0 0 0 0
1854 6 0 0 0 0
1860 9 3 0 0 0
1863 24 0 0 0 0
1865 9 3 0 0 0
1867 6 3 2 0 0
1872 6 3 0 0 0
1873 21 3 2 0 0
1879 9 0 0 0 0
1881 20 3 2 0 0
1882 2 0 0 0 0
1884 3 0 0 0 0
1891 14 0 0 0 0
1893 4 0 0 0 0
1937 8 3 0 0 0
1941 1 0 0 0 0
1943 4 1 0 0 0
1946 3 1 0 0 0
1960 9 0 0 0 0
fn=open_verify.constprop.0
1572 60 0 0 0 0
1604 15 5 0 0 0
1609 6 0 0 0 0
1623 25 0 0 0 0
1625 10 5 2 0 0
1633 2 0 0 0 0
1634 6 0 0 0 0
1639 12 0 0 0 0
1641 4 2 1 0 0
1643 4 0 0 0 0
1645 4 2 0 0 0
1651 4 2 0 0 0
1668 29 9 4 0 0
1749 4 2 1 0 0
1754 4 2 0 0 0
1760 8 2 1 0 0
1766 4 2 0 0 0
1772 8 0 0 0 0
1773 8 2 1 0 0
1777 16 2 2 0 0
1778 5 1 1 0 0
1799 45 0 0 0 0
fl=./elf/./elf/dl-lookup-direct.c
fn=_dl_lookup_direct
32 15 3 3 0 0
33 9 0 0 0 0
35 6 0 0 0 0
36 6 3 0 0 0
48 9 3 0 0 0
51 6 0 0 0 0
53 21 3 0 0 0
57 9 0 0 0 0
58 21 3 0 0 0
59 15 3 0 0 0
74 39 0 0 0 0
76 6 3 1 0 0
78 21 0 0 0 0
79 6 3 1 0 0
81 12 0 0 0 0
84 25 5 2 0 0
86 12 0 0 0 0
93 6 2 2 0 0
115 3 0 0 0 0
116 27 0 0 0 0
fl=./elf/./elf/dl-lookup.c
fn=_dl_lookup_symbol_x
772 1326 0 0 0 0
774 204 0 0 0 0
775 408 0 0 0 0
778 102 0 0 0 0
782 390 195 9 0 0
785 204 102 0 0 0
787 204 0 0 0 0
791 1463 109 2 0 0
792 1734 102 2 0 0
797 510 102 2 0 0
799 42 14 2 0 0
816 102 0 0 0 0
817 21 0 0 0 0
820 204 0 0 0 0
821 649 186 75 0 0
828 123 0 0 0 0
856 380 95 0 0 0
870 285 95 1 0 0
871 2 0 0 0 0
873 190 95 0 0 0
890 380 0 0 0 0
892 918 0 0 0 0
fn=check_match
70 1455 0 0 0 0
73 776 99 4 0 0
78 4 0 0 0 0
86 475 95 0 0 0
89 388 128 12 0 0
93 95 0 0 0 0
94 190 95 2 0 0
96 186 93 0 0 0
115 186 0 0 0 0
116 744 93 9 0 0
117 465 93 7 0 0
144 4 2 0 0 0
146 12 2 2 0 0
147 8 0 0 0 0
161 95 0 0 0 0
162 776 0 0 0 0
fn=do_lookup_x
347 1428 0 0 0 0
348 102 0 0 0 0
353 102 0 0 0 0
354 102 0 0 0 0
358 668 0 0 0 0
361 668 334 0 0 0
365 872 334 60 0 0
386 668 334 12 0 0
390 668 334 10 0 0
396 1002 334 0 0 0
400 334 0 0 0 0
401 334 0 0 0 0
404 1670 334 4 0 0
405 1002 0 0 0 0
408 334 0 0 0 0
409 668 334 0 0 0
411 334 0 0 0 0
412 306 0 0 0 0
413 668 0 0 0 0
415 714 0 0 0 0
416 1336 0 0 0 0
419 2338 334 99 0 0
422 194 0 0 0 0
423 291 0 0 0 0
424 194 97 0 0 0
426 194 0 0 0 0
429 1075 215 85 0 0
431 291 0 0 0 0
432 2425 0 0 0 0
433 194 0 0 0 0
436 291 97 7 0 0
439 364 120 2 0 0
461 760 0 0 0 0
470 16 2 2 0 0
476 190 95 0 0 0
483 736 273 6 0 0
487 18 6 4 0 0
499 190 0 0 0 0
500 95 0 0 0 0
501 95 0 0 0 0
518 717 239 7 0 0
521 7 0 0 0 0
522 816 0 0 0 0
fl=./elf/./elf/dl-minimal-malloc.c
fn=__minimal_calloc
80 40 0 0 0 0
84 8 0 0 0 0
87 8 0 0 0 0
88 24 8 8 0 0
fn=__minimal_free
97 1 0 0 0 0
99 4 1 0 0 0
fn=__minimal_malloc
36 192 0 0 0 0
37 72 24 1 0 0
42 3 0 0 0 0
43 2 0 0 0 0
44 2 0 0 0 0
48 95 0 0 0 0
51 160 46 3 0 0
56 8 0 0 0 0
57 8 2 0 0 0
59 2 0 0 0 0
60 16 0 0 0 0
62 4 2 0 0 0
64 8 0 0 0 0
65 6 2 0 0 0
67 6 0 0 0 0
70 24 0 0 0 0
71 26 0 0 0 0
73 144 0 0 0 0
fl=./elf/./elf/dl-minimal.c
fn=__rtld_malloc_init_real
76 10 0 0 0 0
86 2 0 0 0 0
87 1 0 0 0 0
89 1 0 0 0 0
91 6 0 0 0 0
92 5 0 0 0 0
93 5 0 0 0 0
94 4 0 0 0 0
99 1 0 0 0 0
100 1 0 0 0 0
101 1 0 0 0 0
102 1 0 0 0 0
103 8 0 0 0 0
fn=__rtld_malloc_init_stubs
42 1 0 0 0 0
43 2 0 0 0 0
44 2 0 0 0 0
45 2 0 0 0 0
46 2 0 0 0 0
47 1 0 0 0 0
fn=lookup_malloc_symbol
61 36 0 0 0 0
63 4 0 0 0 0
64 28 0 0 0 0
68 28 4 0 0 0
69 28 4 0 0 0
71 4 0 0 0 0
72 24 0 0 0 0
fn=strsep
239 2 0 0 0 0
242 4 2 0 0 0
244 2 0 0 0 0
245 4 2 1 0 0
247 2 0 0 0 0
249 47 15 4 0 0
251 28 0 0 0 0
254 56 28 6 0 0
256 84 28 3 0 0
264 14 0 0 0 0
267 1 0 0 0 0
271 4 0 0 0 0
fl=./elf/./elf/dl-misc.c
fn=_dl_name_match_p
68 98 0 0 0 0
69 56 14 0 0 0
70 3 0 0 0 0
72 14 0 0 0 0
74 58 29 16 0 0
75 90 18 7 0 0
80 15 0 0 0 0
82 11 0 0 0 0
83 56 0 0 0 0
fn=_dl_sysdep_read_whole_file
36 11 0 0 0 0
39 3 0 0 0 0
40 2 1 1 0 0
42 6 1 0 0 0
44 2 0 0 0 0
47 2 1 1 0 0
49 8 0 0 0 0
60 3 0 0 0 0
63 8 0 0 0 0
fl=./elf/./elf/dl-object.c
fn=_dl_add_to_namespace_list
31 27 0 0 0 0
33 9 0 0 3 1
35 26 3 1 0 0
38 20 5 3 0 0
40 2 0 0 0 0
42 2 0 0 0 0
45 2 0 0 0 0
46 9 0 0 0 0
47 6 0 0 0 0
48 6 0 0 0 0
50 6 0 0 3 1
51 15 0 0 0 0
fn=_dl_new_object
59 45 0 0 0 0
62 6 3 1 0 0
64 2 1 1 0 0
66 3 1 0 0 0
67 2 1 0 0 0
71 6 0 0 0 0
77 2 0 0 0 0
80 4 0 0 0 0
83 11 0 0 0 0
87 4 0 0 0 0
92 2 0 0 0 0
95 6 3 0 0 0
98 3 0 0 0 0
99 3 0 0 0 0
100 6 0 0 0 0
103 6 0 0 0 0
104 21 0 0 0 0
106 3 0 0 0 0
119 13 5 4 0 0
123 2 0 0 0 0
125 1 0 0 0 0
127 21 0 0 0 0
130 6 3 2 0 0
131 6 0 0 0 0
132 3 0 0 0 0
136 3 0 0 0 0
139 34 12 9 0 0
141 20 1 1 0 0
149 6 0 0 0 0
150 3 0 0 0 0
153 1 0 0 0 0
155 18 3 1 0 0
157 8 0 0 0 0
160 8 3 0 0 0
164 8 2 0 0 0
168 14 4 3 0 0
176 1 0 0 0 0
179 6 0 0 0 0
189 12 3 1 0 0
191 8 0 0 0 0
195 6 2 0 0 0
199 4 0 0 0 0
200 4 2 0 0 0
208 2 0 0 0 0
212 2 0 0 0 0
245 8 0 0 0 0
250 84 0 0 0 0
251 84 42 14 0 0
255 4 0 0 0 0
256 2 0 0 0 0
259 2 0 0 0 0
263 27 0 0 0 0
fl=./elf/./elf/dl-reloc.c
fn=_dl_relocate_object
170 668 167 25 0 0
171 210 105 2 0 0
174 1089 203 13 0 0
175 84 35 2 0 0
177 7 0 0 0 0
178 28 0 0 0 0
182 196 98 0 0 0
183 98 0 0 0 0
184 98 0 0 0 0
186 790 98 61 0 0
187 460 0 0 0 0
188 184 92 0 0 0
190 741 3 0 0 0
193 98 0 0 0 0
194 686 0 0 0 0
196 7 0 0 0 0
207 55 0 0 0 0
208 10 5 1 0 0
220 8 0 0 0 0
221 12 0 0 0 0
224 16 0 0 0 0
226 12 4 0 0 0
228 4 0 0 0 0
229 12 4 4 0 0
251 20 4 4 0 0
252 8 4 2 0 0
253 2 0 0 0 0
255 8 4 0 0 0
262 12 4 0 0 0
301 10034 3489 415 0 0
304 20 8 0 0 0
328 4 0 0 0 0
331 8 4 0 0 0
348 12 4 4 0 0
350 40 0 0 0 0
356 24 0 0 0 0
359 8 0 0 0 0
363 8 4 0 0 0
364 24 4 3 0 0
fl=./elf/./elf/dl-setup_hash.c
fn=_dl_setup_hash
25 8 0 0 0 0
28 12 4 0 0 0
31 12 4 0 0 0
32 8 0 0 0 0
33 4 0 0 0 0
34 4 0 0 0 0
36 12 4 0 0 0
37 4 0 0 0 0
38 12 0 0 0 0
40 4 0 0 0 0
41 8 0 0 0 0
43 4 0 0 0 0
45 12 0 0 0 0
50 4 0 0 0 0
fl=./elf/./elf/dl-sort-maps.c
fn=_dl_sort_maps
140 40 8 0 0 0
181 2 0 0 0 0
182 4 0 0 0 0
183 34 10 6 0 0
184 16 0 0 0 0
211 34 4 2 0 0
216 4 0 0 0 0
218 2 0 0 0 0
219 10 0 0 0 0
221 26 6 0 0 0
223 8 0 0 0 0
226 24 8 6 0 0
244 8 2 2 0 0
263 8 0 0 0 0
276 8 4 2 0 0
283 2 0 0 0 0
298 26 0 0 0 0
306 6 2 2 0 0
310 18 0 0 0 0
fn=_dl_sort_maps_init
289 4 0 0 0 0
290 4 0 0 0 0
291 1 0 0 0 0
292 3 0 0 0 0
293 2 0 0 0 0
fn=dfs_traversal.part.0
135 72 0 0 0 0
140 20 10 1 0 0
143 8 0 0 0 0
145 24 8 3 0 0
147 60 15 5 0 0
156 28 12 7 0 0
171 24 0 0 0 0
172 8 0 0 0 0
173 48 0 0 0 0
fl=./elf/./elf/dl-tunables.c
fn=__GI___tunable_set_val
72 50 10 0 0 0
82 5 0 0 0 0
93 40 5 0 0 0
94 25 5 0 0 0
97 10 5 2 0 0
100 35 0 0 0 0
104 10 5 2 0 0
111 10 5 0 0 0
112 10 5 2 0 0
115 25 0 0 0 0
116 5 0 0 0 0
117 5 0 0 0 0
118 5 0 0 0 0
153 30 0 0 0 0
157 15 0 0 0 0
fn=__GI___tunables_init
42 160 64 1 0 0
45 31 0 0 0 0
48 2303 658 46 0 0
52 62 31 0 0 0
56 124 0 0 0 0
128 1 0 0 0 0
261 10 0 0 0 0
267 4 1 0 0 0
281 5084 1271 31 0 0
283 2 0 0 0 0
287 9207 2542 345 0 0
304 8 0 0 0 0
fn=__tunable_get_val
387 72 0 0 0 0
390 426 69 17 0 0
399 47 0 0 0 0
400 14 0 0 0 0
409 28 0 0 0 0
416 216 36 31 0 0
418 36 0 0 0 0
fl=./elf/./elf/dl-tunables.h
fn=__GI___tunable_set_val
141 10 5 3 0 0
142 10 0 0 0 0
151 5 0 0 0 0
fn=__GI___tunables_init
160 644 35 8 0 0
161 1477 378 40 0 0
fl=./elf/./elf/dl-version.c
fn=_dl_check_all_versions
392 7 0 0 0 0
394 1 0 0 0 0
396 17 5 3 0 0
397 4 0 0 0 0
398 36 4 4 0 0
401 7 0 0 0 0
fn=_dl_check_map_versions
36 26 7 2 0 0
37 5 0 0 0 0
38 37 7 4 0 0
56 28 7 7 0 0
64 21 7 0 0 0
70 21 7 0 0 0
86 7 0 0 0 0
87 14 7 0 0 0
89 7 0 0 0 0
94 171 68 5 0 0
108 136 68 8 0 0
110 7 0 0 0 0
113 56 7 0 0 0
120 183 61 0 0 0
124 61 0 0 0 0
155 40 0 0 0 0
156 4 0 0 0 0
164 6 0 0 0 0
170 12 4 0 0 0
172 20 4 0 0 0
174 4 0 0 0 0
175 4 0 0 0 0
177 8 4 2 0 0
180 6 0 0 0 0
184 16 2 0 0 0
200 6 0 0 0 0
208 6 2 0 0 0
213 6 0 0 0 0
215 5 0 0 0 0
217 28 0 0 0 0
218 62 7 3 0 0
221 14 0 0 0 0
224 21 7 4 0 0
228 4 0 0 0 0
231 28 0 0 0 0
234 21 7 2 0 0
239 5 0 0 0 0
243 6 2 2 0 0
257 15 4 2 0 0
260 4 0 0 0 0
263 198 0 0 0 0
266 148 48 15 0 0
270 46 0 0 0 0
274 9 3 1 0 0
279 3 0 0 0 0
280 12 0 0 0 0
281 9 3 0 0 0
291 3 0 0 0 0
294 17 3 0 0 0
296 6 3 1 0 0
299 8 0 0 0 0
303 6 0 0 0 0
306 21 0 0 0 0
308 28 7 7 0 0
310 35 0 0 0 0
311 14 0 0 0 0
312 21 0 0 0 0
313 21 0 0 0 0
316 21 7 2 0 0
321 5 0 0 0 0
324 6 2 2 0 0
334 6 3 1 0 0
337 4 0 0 0 0
341 46 0 0 0 0
343 96 48 10 0 0
347 46 0 0 0 0
348 230 0 0 0 0
349 138 0 0 0 0
350 46 0 0 0 0
353 144 48 4 0 0
357 46 0 0 0 0
365 4 2 1 0 0
366 4 2 0 0 0
367 4 2 1 0 0
368 2 1 1 0 0
370 4 1 1 0 0
372 124 31 1 0 0
373 60 30 3 0 0
375 2 0 0 0 0
376 7 1 1 0 0
387 36 0 0 0 0
fl=./elf/./elf/do-rel.h
fn=_dl_relocate_object
49 24 0 0 0 0
50 24 0 0 0 0
51 4 0 0 0 0
53 40 0 0 0 0
72 3 0 0 0 0
73 4 0 0 0 0
80 24 8 8 0 0
114 24 0 0 0 0
123 36 14 10 0 0
124 12 0 0 0 0
126 24 8 2 0 0
129 24 6 0 0 0
131 674 167 19 0 0
133 805 0 0 0 0
134 644 0 0 0 0
135 483 0 0 0 0
136 644 0 0 0 0
138 483 161 6 0 0
141 188 0 0 0 0
142 47 0 0 0 0
143 47 0 0 0 0
147 114 0 0 0 0
150 358 114 7 0 0
151 66 22 2 0 0
164 12 3 1 0 0
165 211 65 22 0 0
166 189 63 7 0 0
169 141 0 0 0 0
171 188 0 0 0 0
172 47 0 0 0 0
173 94 0 0 0 0
180 31 8 6 0 0
182 42 0 0 0 0
183 12 0 0 0 0
185 18 6 0 0 0
193 6 0 0 0 0
196 18 6 0 0 0
211 7 1 1 0 0
fn=_dl_start
49 6 0 0 0 0
50 4 0 0 0 0
51 1 0 0 0 0
53 10 0 0 0 0
56 4 2 2 0 0
61 13 5 3 0 0
63 9 0 0 0 0
64 6 0 0 0 0
65 3 0 0 0 0
fl=./elf/./elf/get-dynamic-info.h
fn=_dl_map_object_from_fd
39 4 2 0 0 0
43 2 0 0 0 0
45 194 49 4 0 0
49 94 47 23 0 0
51 26 13 3 0 0
52 13 0 0 0 0
53 3 0 0 0 0
54 42 10 2 0 0
55 34 0 0 0 0
56 10 2 2 0 0
59 8 2 0 0 0
62 8 2 0 0 0
64 8 0 0 0 0
68 47 0 0 0 0
72 8 4 0 0 0
84 7 2 1 0 0
85 8 2 0 0 0
86 8 2 0 0 0
87 8 2 0 0 0
88 7 2 1 0 0
89 7 2 1 0 0
90 7 2 1 0 0
91 8 2 0 0 0
103 16 4 0 0 0
110 7 2 1 0 0
115 2 1 0 0 0
122 2 1 0 0 0
123 6 2 0 0 0
129 6 2 1 0 0
130 3 1 0 0 0
147 6 2 1 0 0
152 2 0 0 0 0
154 2 1 1 0 0
156 2 1 1 0 0
158 2 1 1 0 0
159 2 0 0 0 0
162 6 2 0 0 0
164 6 0 0 0 0
165 4 2 0 0 0
174 4 0 0 0 0
175 6 2 2 0 0
180 4 2 1 0 0
181 3 0 0 0 0
184 4 2 2 0 0
fl=./elf/./elf/libc_early_init.c
fn=__libc_early_init
33 9 0 0 0 0
35 1 0 0 0 0
38 2 0 0 0 0
41 2 0 0 0 0
47 4 1 0 0 0
49 2 0 0 0 0
fl=./elf/./elf/rtld.c
fn=_dl_start
85 8 0 0 0 0
458 2 0 0 0 0
476 3 0 0 0 0
477 1 0 0 0 0
478 2 0 0 0 0
488 1 0 0 0 0
494 4 0 0 0 0
496 2 1 0 0 0
517 16 0 0 0 0
543 1 0 0 0 0
546 2 0 0 0 0
547 4 0 0 0 0
563 190 57 24 0 0
565 1 0 0 0 0
578 1 0 0 0 0
585 9 0 0 0 0
fn=dl_main
85 17 0 0 0 0
92 12 0 0 0 0
93 2 0 0 0 0
101 9 0 0 0 0
197 2 0 0 0 0
199 1 0 0 0 0
224 3 0 0 0 0
225 5 1 1 0 0
226 4 2 1 0 0
296 3 0 0 0 0
302 1 0 0 0 0
303 1 0 0 0 0
837 1 0 0 0 0
839 1 0 0 0 0
848 1 0 0 0 0
850 1 0 0 0 0
855 1 0 0 0 0
1115 1 0 0 0 0
1116 1 0 0 0 0
1118 1 0 0 0 0
1122 3 0 0 0 0
1124 1 0 0 0 0
1125 1 0 0 0 0
1140 1 0 0 0 0
1143 46 14 11 0 0
1144 117 29 7 9 5
1148 3 0 0 0 0
1153 3 0 0 0 0
1154 9 0 0 0 0
1163 2 0 0 0 0
1164 2 0 0 0 0
1166 1 0 0 0 0
1173 3 1 0 0 0
1191 2 0 0 0 0
1199 8 0 0 0 0
1200 17 0 0 0 0
1201 8 4 3 0 0
1202 1 0 0 0 0
1204 12 0 0 0 0
1205 14 7 3 0 0
1209 8 0 0 0 0
1210 8 4 0 0 0
1211 4 0 0 0 0
1215 12 0 0 0 0
1243 2 0 0 0 0
1247 3 0 0 0 0
1253 28 13 1 0 0
1254 61 24 13 0 0
1260 17 0 0 0 0
1266 4 1 1 0 0
1269 3 1 1 0 0
1271 3 1 0 0 0
1346 13 0 0 0 0
1351 1 0 0 0 0
1352 1 0 0 0 0
1357 1 0 0 0 0
1373 3 0 0 0 0
1374 4 1 1 0 0
1637 10 0 0 0 0
1639 2 1 0 0 0
1640 3 0 0 0 0
1641 2 0 0 0 0
1642 3 0 0 0 0
1646 2 0 0 0 0
1647 2 1 0 0 0
1672 3 1 0 0 0
1673 5 1 0 0 0
1674 3 0 0 0 0
1675 3 0 0 0 0
1678 1 0 0 0 0
1680 1 0 0 0 0
1681 1 0 0 0 0
1683 2 1 0 0 0
1684 2 0 0 0 0
1688 2 1 0 0 0
1690 2 1 0 0 0
1698 4 1 1 0 0
1705 2 0 0 0 0
1708 2 1 0 0 0
1733 4 0 0 0 0
1735 1 0 0 0 0
1740 2 1 1 0 0
1743 4 0 0 0 0
1744 4 0 0 0 0
1745 3 0 0 0 0
1746 1 0 0 0 0
1747 1 0 0 0 0
1748 1 0 0 0 0
1759 2 1 0 0 0
1760 2 1 0 0 0
1762 2 0 0 0 0
1764 1 0 0 0 0
1765 3 0 0 0 0
1770 5 1 1 0 0
1771 5 1 1 0 0
1773 3 0 0 0 0
1779 2 1 1 0 0
1788 2 1 0 0 0
1792 1 0 0 0 0
1793 2 1 0 0 0
1817 2 0 0 0 0
1823 1 0 0 0 0
1824 1 0 0 0 0
1825 1 0 0 0 0
1829 3 0 0 0 0
1834 3 1 0 0 0
1836 1 0 0 0 0
1838 2 1 1 0 0
1842 5 0 0 0 0
1847 2 1 0 0 0
1863 6 1 0 0 0
1939 4 1 1 0 0
1943 19 2 1 0 0
1944 1 0 0 0 0
1947 3 0 0 0 0
1948 1 0 0 0 0
1949 2 1 0 0 0
1950 2 1 0 0 0
1955 3 1 1 0 0
1965 9 0 0 0 0
1971 19 5 3 0 0
1972 12 0 0 0 0
1975 3 0 0 0 0
1976 2 1 0 0 0
1977 1 0 0 0 0
1979 14 3 0 0 0
1980 6 3 2 0 0
1984 2 1 0 0 0
1990 1 0 0 0 0
1992 3 0 0 0 0
1993 2 1 0 0 0
1995 2 0 0 0 0
1997 3 1 1 0 0
1999 3 0 0 0 0
2000 1 0 0 0 0
2001 2 1 1 0 0
2013 2 1 0 0 0
2014 2 0 0 0 0
2015 3 1 1 0 0
2026 5 0 0 0 0
2027 4 0 0 0 0
2028 5 0 0 0 0
2038 2 0 0 0 0
2039 2 1 1 0 0
2040 4 0 0 0 0
2042 2 1 0 0 0
2047 3 1 0 0 0
2246 3 0 0 0 0
2250 3 0 0 0 0
2256 2 0 0 0 0
2259 2 1 0 0 0
2267 2 0 0 0 0
2279 3 0 0 0 0
2282 3 0 0 0 0
2284 3 1 0 0 0
2285 6 0 0 0 0
2292 2 0 0 0 0
2293 21 5 2 0 0
2295 8 0 0 0 0
2300 8 0 0 0 0
2302 10 5 2 0 0
2304 1 0 0 0 0
2305 1 0 0 0 0
2308 4 0 0 0 0
2310 8 4 1 0 0
2311 24 0 0 0 0
2315 10 5 3 0 0
2316 3 0 0 0 0
2325 2 1 0 0 0
2329 4 2 0 0 0
2331 1 0 0 0 0
2338 4 0 0 0 0
2341 2 1 0 0 0
2345 3 1 0 0 0
2347 2 1 1 0 0
2357 1 0 0 0 0
2362 3 0 0 0 0
2365 1 0 0 0 0
2371 1 0 0 0 0
2372 5 0 0 0 0
2380 3 0 0 0 0
2387 1 0 0 0 0
2390 3 0 0 0 0
2394 3 0 0 0 0
2395 1 0 0 0 0
2396 1 0 0 0 0
2397 1 0 0 0 0
2401 1 0 0 0 0
2406 8 0 0 0 0
2538 1 0 0 0 0
2598 1 0 0 0 0
2600 2 0 0 0 0
2602 15 3 1 0 0
2604 2 0 0 0 0
2606 107 40 10 0 0
2607 19 0 0 0 0
2615 13 2 0 2 2
2640 2 1 0 0 0
2650 4 2 1 0 0
2652 2 0 0 0 0
2653 1 0 0 0 0
2687 5 2 1 0 0
2689 2 0 0 0 0
2690 2 0 0 0 0
2691 1 0 0 0 0
2727 5 1 0 0 0
2749 3 1 0 0 0
fn=handle_preload_list
183 3 1 0 0 0
806 1 0 0 0 0
810 2 0 0 0 0
811 2 0 0 0 0
812 1 0 0 0 0
814 1 0 0 0 0
816 6 0 0 0 0
817 3 1 0 0 0
825 3 0 0 0 0
869 13 0 0 0 0
870 3 0 0 0 0
874 5 2 0 0 0
877 4 0 0 0 0
878 3 1 1 0 0
880 4 0 0 0 0
881 2 0 0 0 0
887 1 0 0 0 0
889 2 0 0 0 0
891 2 1 0 0 0
892 1 0 0 0 0
895 9 0 0 0 0
fn=init_tls
734 4 0 0 0 0
736 2 0 0 0 0
740 3 1 0 0 0
746 2 0 0 0 0
749 1 0 0 0 0
750 1 0 0 0 0
751 1 0 0 0 0
755 1 0 0 0 0
757 1 0 0 0 0
761 2 1 0 0 0
762 2 0 0 0 0
763 12 5 3 0 0
764 4 0 0 0 0
765 8 4 3 0 0
769 3 0 0 0 0
771 1 0 0 0 0
773 3 1 0 0 0
776 2 0 0 0 0
779 1 0 0 0 0
786 2 0 0 0 0
787 2 1 0 0 0
793 2 0 0 0 0
797 1 0 0 0 0
800 5 0 0 0 0
fn=map_doit
641 6 0 0 0 0
643 4 0 0 0 0
644 6 0 0 0 0
646 3 0 0 0 0
fn=version_check_doit
674 6 0 0 0 0
676 6 1 1 0 0
680 3 0 0 0 0
fl=./elf/./get-dynamic-info.h
fn=_dl_start
45 75 19 2 0 0
49 36 18 12 0 0
51 10 5 0 0 0
52 5 0 0 0 0
54 20 5 1 0 0
55 16 0 0 0 0
56 5 1 1 0 0
59 4 1 1 0 0
62 4 1 0 0 0
64 4 0 0 0 0
68 18 0 0 0 0
72 3 1 0 0 0
84 4 1 0 0 0
85 3 1 1 0 0
86 4 1 0 0 0
87 4 1 0 0 0
88 5 1 0 0 0
89 3 1 1 0 0
90 4 1 0 0 0
91 4 1 0 0 0
103 10 2 1 0 0
110 3 1 1 0 0
123 3 1 0 0 0
129 3 1 0 0 0
130 3 1 0 0 0
133 2 1 0 0 0
134 3 1 0 0 0
139 5 2 0 0 0
142 5 2 0 0 0
fn=dl_main
39 4 1 0 0 0
43 1 0 0 0 0
45 107 27 2 0 0
49 52 26 9 0 0
51 12 6 0 0 0
52 6 0 0 0 0
54 25 6 1 0 0
55 21 0 0 0 0
56 5 1 0 0 0
59 4 1 1 0 0
62 4 1 0 0 0
64 4 0 0 0 0
68 26 0 0 0 0
72 7 2 1 0 0
84 3 1 1 0 0
85 5 1 0 0 0
86 5 1 0 0 0
87 5 1 0 0 0
88 4 1 1 0 0
89 5 1 0 0 0
90 5 1 0 0 0
91 5 1 0 0 0
103 9 2 0 0 0
110 3 1 1 0 0
115 2 1 0 0 0
122 3 1 0 0 0
123 4 1 0 0 0
129 3 1 1 0 0
147 4 1 0 0 0
152 2 0 0 0 0
154 2 1 1 0 0
156 2 1 1 0 0
158 2 1 0 0 0
159 2 0 0 0 0
162 4 1 0 0 0
164 3 0 0 0 0
165 2 1 1 0 0
174 2 0 0 0 0
175 3 1 1 0 0
180 2 1 0 0 0
181 3 0 0 0 0
184 3 1 1 0 0
fl=./elf/./setup-vdso.h
fn=dl_main
24 2 1 1 0 0
fl=./io/../sysdeps/unix/sysv/linux/access.c
fn=access
25 1 0 0 0 0
27 7 1 1 0 0
31 1 0 0 0 0
fl=./io/../sysdeps/unix/sysv/linux/close_nocancel.c
fn=__GI___close_nocancel
25 3 0 0 0 0
26 12 3 0 0 0
27 3 0 0 0 0
fl=./io/../sysdeps/unix/sysv/linux/fstat64.c
fn=fstat
30 5 0 0 0 0
39 20 5 0 0 0
72 5 0 0 0 0
fl=./io/../sysdeps/unix/sysv/linux/fstatat64.c
fn=fstatat
91 6 0 0 0 0
146 6 0 0 0 0
160 4 0 0 0 0
161 11 3 3 0 0
162 1 0 0 0 0
fl=./io/../sysdeps/unix/sysv/linux/lseek64.c
fn=lseek
28 1 0 0 0 0
40 8 1 1 0 0
42 1 0 0 0 0
fl=./io/../sysdeps/unix/sysv/linux/open64_nocancel.c
fn=__open_nocancel
28 24 0 0 0 0
31 42 12 0 0 0
39 51 6 3 0 0
41 12 0 0 0 0
fl=./io/../sysdeps/unix/sysv/linux/pread64_nocancel.c
fn=__pread64_nocancel
25 4 0 0 0 0
26 8 2 0 0 0
27 2 0 0 0 0
fl=./io/../sysdeps/unix/sysv/linux/read.c
fn=read
25 1 0 0 0 0
26 6 2 0 0 0
27 1 0 0 0 0
fl=./io/../sysdeps/unix/sysv/linux/read_nocancel.c
fn=__read_nocancel
25 2 0 0 0 0
26 8 2 0 0 0
27 2 0 0 0 0
fl=./io/../sysdeps/unix/sysv/linux/stat64.c
fn=stat
28 6 0 0 0 0
29 12 0 0 0 0
fl=./io/../sysdeps/unix/sysv/linux/write.c
fn=write
25 4 0 0 0 0
26 24 8 0 0 0
27 4 0 0 0 0
fl=./libio/../include/sys/sysmacros.h
fn=_IO_file_doallocate
47 12 0 0 0 0
fl=./libio/./libio/filedoalloc.c
fn=_IO_file_doallocate
78 22 0 0 0 0
84 18 4 0 2 1
86 8 2 2 0 0
89 4 2 0 0 0
91 4 0 0 0 0
94 4 0 0 0 0
97 8 2 0 0 0
101 6 0 0 0 0
102 4 2 0 0 0
104 8 0 0 0 0
105 2 0 0 0 0
106 18 2 0 0 0
fl=./libio/./libio/fileops.c
fn=_IO_do_write@@GLIBC_2.2.5
424 50 0 0 0 0
426 34 6 2 0 0
427 34 0 0 0 0
434 8 4 0 0 0
441 16 4 2 0 0
444 4 0 0 0 0
449 20 0 0 4 1
450 20 4 0 0 0
452 12 0 0 0 0
453 8 0 0 0 0
454 4 0 0 0 0
455 8 4 2 0 0
456 16 4 2 0 0
fn=_IO_file_overflow@@GLIBC_2.2.5
732 296 0 0 0 0
733 148 37 0 0 0
740 183 73 1 0 0
743 2 1 1 0 0
745 2 0 0 0 0
746 6 0 0 0 0
755 3 1 0 0 0
764 3 1 0 0 0
765 1 0 0 0 0
766 1 0 0 0 0
767 1 0 0 0 0
768 1 0 0 0 0
769 3 0 0 0 0
771 3 0 0 0 0
772 5 1 0 0 0
773 2 0 0 0 0
775 74 37 1 0 0
776 4 0 0 0 0
777 38 0 0 0 0
778 70 35 0 0 0
781 105 0 0 0 0
782 105 35 0 0 0
783 140 35 2 0 0
784 16 4 2 0 0
785 12 0 0 0 0
787 35 0 0 0 0
788 220 0 0 0 0
fn=_IO_file_read
1131 1 0 0 0 0
1132 1 0 0 0 0
1133 1 0 0 0 0
1134 3 1 0 0 0
fn=_IO_file_seek
1140 1 0 0 0 0
1141 2 0 0 0 0
fn=_IO_file_setbuf@@GLIBC_2.2.5
382 12 0 0 0 0
383 6 2 0 0 0
386 2 0 0 0 0
388 6 0 0 0 0
390 4 0 0 0 0
391 6 0 0 0 0
fn=_IO_file_stat
1147 2 0 0 0 0
1148 4 0 0 0 0
fn=_IO_file_sync@@GLIBC_2.2.5
793 14 0 0 0 0
798 8 2 2 0 0
800 2 0 0 0 0
801 4 2 1 0 0
803 4 0 0 1 1
804 2 1 1 0 0
806 3 1 1 0 0
812 4 0 0 0 0
816 10 0 0 0 0
fn=_IO_file_underflow@@GLIBC_2.2.5
462 10 0 0 0 0
466 3 1 1 0 0
469 2 1 0 0 0
475 3 1 0 0 0
478 2 1 1 0 0
481 3 1 1 0 0
486 2 0 0 0 0
490 3 1 1 0 0
497 15 2 1 0 0
499 4 1 1 0 0
501 4 0 0 1 1
506 2 0 0 0 0
512 6 0 0 0 0
517 5 0 0 1 1
519 2 1 0 0 0
526 1 0 0 0 0
535 3 1 1 0 0
537 2 0 0 0 0
538 8 0 0 0 0
fn=_IO_file_write@@GLIBC_2.2.5
1174 32 0 0 0 0
1175 8 0 0 0 0
1176 24 8 2 0 0
1180 12 0 0 0 0
1181 12 4 2 0 0
1182 8 4 0 0 0
1187 4 0 0 0 0
1188 4 0 0 0 0
1190 12 0 0 0 0
1191 12 4 2 0 0
1194 24 0 0 0 0
fn=_IO_file_xsputn@@GLIBC_2.2.5
1198 36 0 0 0 0
1200 1 0 0 0 0
1204 16 4 0 0 0
1205 4 0 0 0 0
1211 16 4 2 0 0
1213 14 0 0 0 0
1214 6 3 2 0 0
1217 168 81 13 0 0
1219 234 78 0 0 0
1228 3 1 1 0 0
1229 3 0 0 0 0
1234 6 0 0 0 0
1236 15 0 0 0 0
1237 3 0 0 0 0
1238 9 0 0 0 0
1240 6 3 0 0 0
1244 6 1 0 1 1
1250 2 0 0 0 0
1251 5 1 0 0 0
1253 3 1 0 0 0
1264 2 1 0 0 0
1265 4 0 0 0 0
1267 3 0 0 0 0
1268 36 0 0 0 0
fl=./libio/./libio/genops.c
fn=_IO_cleanup
776 6 0 0 0 0
777 10 1 1 0 0
780 13 4 3 0 0
784 3 0 0 0 0
785 36 6 3 0 0
792 7 3 2 0 0
794 6 2 0 0 0
796 8 2 0 0 0
798 4 0 0 0 0
800 6 0 0 0 0
801 2 0 0 0 0
805 10 0 0 2 1
807 6 2 0 0 0
814 3 0 0 0 0
816 31 8 1 0 0
817 3 0 0 0 0
821 7 2 0 0 0
822 2 0 0 0 0
842 12 0 0 0 0
843 2 0 0 0 0
855 12 1 0 0 0
fn=_IO_default_setbuf
330 10 2 2 0 0
332 2 0 0 0 0
333 2 0 0 0 0
337 4 0 0 0 0
452 20 0 0 0 0
453 10 2 0 2 1
455 8 2 2 0 0
457 6 0 0 0 0
458 4 0 0 0 0
462 2 0 0 0 0
466 8 0 0 0 0
467 2 0 0 0 0
468 12 0 0 0 0
fn=_IO_default_uflow
361 6 0 0 0 0
362 3 0 0 1 1
363 2 1 0 0 0
365 4 0 0 0 0
366 4 0 0 0 0
fn=_IO_default_xsputn
371 11 0 0 0 0
373 2 0 0 0 0
374 4 1 0 0 0
375 1 0 0 0 0
379 128 32 1 0 0
399 312 63 1 31 1
401 31 0 0 0 0
404 8 0 0 0 0
fn=_IO_doallocbuf
343 16 0 0 0 0
344 4 2 2 0 0
346 6 2 2 0 0
347 10 2 2 2 1
350 12 0 0 0 0
fn=_IO_flush_all
686 12 0 0 0 0
687 3 0 0 0 0
691 6 0 0 0 0
692 9 1 1 0 0
695 12 4 2 0 0
697 3 0 0 0 0
698 36 6 3 0 0
700 21 6 0 0 0
708 33 9 0 0 0
709 3 0 0 0 0
713 7 2 0 0 0
714 2 0 0 0 0
718 12 1 0 0 0
fn=_IO_setb
329 22 0 0 0 0
330 8 2 2 0 0
332 2 0 0 0 0
333 2 0 0 0 0
335 12 0 0 0 0
338 12 0 0 0 0
fn=_IO_sputbackc
635 14 0 0 0 0
638 6 2 0 0 0
639 4 2 1 0 0
641 4 0 0 0 0
642 2 0 0 0 0
647 2 0 0 0 0
648 2 0 0 0 0
651 10 0 0 0 0
fn=_IO_switch_to_get_mode
164 6 0 0 0 0
165 3 1 1 0 0
168 3 1 0 0 0
172 2 0 0 0 0
173 2 1 1 0 0
176 1 0 0 0 0
178 2 0 0 0 0
180 2 0 0 0 0
181 1 0 0 0 0
182 4 0 0 0 0
fn=__overflow
199 20 0 0 0 0
201 12 4 3 0 0
203 12 0 0 4 1
204 8 0 0 0 0
fn=__uflow
173 1 0 0 0 0
299 6 0 0 0 0
300 5 2 2 0 0
305 3 1 0 0 0
308 3 1 0 0 0
310 2 1 0 0 0
316 2 1 1 0 0
321 3 1 1 0 0
323 4 0 0 1 1
324 3 0 0 0 0
fl=./libio/./libio/ioputs.c
fn=puts
33 44 0 0 0 0
35 8 0 0 0 0
36 56 8 3 0 0
38 6 3 2 0 0
39 13 4 3 0 0
40 24 4 0 4 1
41 32 8 5 0 0
42 16 0 0 0 0
46 32 0 0 0 0
fl=./libio/./libio/libioP.h
fn=_IO_cleanup
1025 5 0 0 0 0
1026 4 2 0 0 0
fn=_IO_default_setbuf
1025 6 0 0 0 0
1026 4 2 0 0 0
fn=_IO_default_uflow
1025 3 0 0 0 0
1026 2 1 0 0 0
fn=_IO_default_xsputn
1025 63 0 0 0 0
1026 62 31 0 0 0
fn=_IO_do_write@@GLIBC_2.2.5
1025 12 0 0 0 0
1026 8 4 0 0 0
fn=_IO_doallocbuf
1025 6 0 0 0 0
1026 4 2 0 0 0
fn=_IO_file_doallocate
1025 6 0 0 0 0
1026 4 2 0 0 0
fn=_IO_file_sync@@GLIBC_2.2.5
1025 3 0 0 0 0
1026 2 1 0 0 0
fn=_IO_file_underflow@@GLIBC_2.2.5
979 2 1 0 0 0
980 10 2 1 0 0
1025 6 0 0 0 0
1026 4 2 0 0 0
fn=_IO_file_xsputn@@GLIBC_2.2.5
1025 3 0 0 0 0
1026 2 1 0 0 0
fn=_IO_flush_all
1025 2 0 0 0 0
fn=__overflow
1025 12 0 0 0 0
1026 8 4 0 0 0
fn=__uflow
1025 3 0 0 0 0
1026 2 1 0 0 0
fn=puts
979 8 4 0 0 0
980 32 8 0 0 0
1025 12 0 0 0 0
1026 8 4 0 0 0
fl=./libio/./libio/vtables.c
fn=check_stdfiles_vtables
545 1 0 0 0 0
546 4 1 1 0 0
547 3 1 0 0 0
548 3 1 0 0 0
550 1 0 0 0 0
fl=./malloc/../string/bits/string_fortified.h
fn=tcache_init.part.0
59 88 80 10 0 0
fl=./malloc/../sysdeps/unix/sysv/linux/not-cancel.h
fn=ptmalloc_init.part.0
97 6 0 0 0 0
fl=./malloc/./malloc/arena.c
fn=free
153 1809 603 13 0 0
fn=malloc
153 1210 605 4 0 0
264 1 0 0 0 0
fn=ptmalloc_init.part.0
262 8 0 0 0 0
267 1 0 0 0 0
292 2 1 1 0 0
296 3 0 0 0 0
300 4 0 0 0 0
301 4 0 0 0 0
302 4 0 0 0 0
303 4 0 0 0 0
304 4 0 0 0 0
305 4 0 0 0 0
306 4 0 0 0 0
308 4 0 0 0 0
309 4 0 0 0 0
310 4 0 0 0 0
313 4 0 0 0 0
314 4 0 0 0 0
316 2 1 0 0 0
326 8 1 0 0 0
fl=./malloc/./malloc/malloc.c
fn=_int_free
1792 596 0 0 0 0
3163 14 0 0 0 0
3165 28 0 0 0 0
3166 7 0 0 0 0
3167 14 0 0 0 0
4495 4221 0 0 0 0
4499 1809 0 0 0 0
4505 2412 603 0 0 0
4506 1206 603 0 0 0
4510 3015 603 0 0 0
4517 1206 0 0 0 0
4518 3618 1206 3 0 0
4521 600 0 0 0 0
4527 1800 600 0 0 0
4547 3000 600 4 0 0
4550 7 0 0 0 0
4561 1192 596 4 0 0
4637 1192 596 0 0 0
4640 1192 0 0 0 0
4643 1192 596 0 0 0
4646 1192 0 0 0 0
4658 3022 0 0 0 0
fn=_int_free_maybe_consolidate
4770 6556 0 0 0 0
4776 1192 596 13 0 0
4778 1420 355 0 0 0
4781 1065 355 5 0 0
4784 1775 355 3 0 0
4785 10 2 0 0 0
4798 6548 594 0 0 0
fn=_int_free_merge_chunk
1992 1788 596 0 0 0
4665 4768 0 0 0 0
4666 596 0 0 0 0
4670 3576 596 0 0 0
4673 2384 1192 8 0 0
4675 1788 0 0 0 0
4678 1788 596 0 0 0
4681 1192 0 0 0 0
4682 1192 596 0 0 0
4683 1192 596 0 0 0
4689 1192 596 5 0 0
4691 592 0 0 0 0
4692 592 0 0 0 0
4693 592 0 0 0 0
4694 2368 592 1 0 0
4696 1184 0 0 0 0
4701 1788 0 0 0 0
4702 4172 0 0 0 0
4714 1192 596 2 0 0
4720 1188 594 1 0 0
4721 2 0 0 0 0
4722 2 0 0 0 0
4724 593 0 0 0 0
4732 594 0 0 0 0
4733 2376 0 0 0 0
4734 1188 594 0 0 0
4736 594 0 0 0 0
4738 1188 594 5 0 0
4740 1773 0 0 0 0
4743 594 0 0 0 0
4744 594 0 0 0 0
4746 1782 0 0 0 0
4747 594 0 0 0 0
4756 2 0 0 0 0
4757 6 0 0 0 0
4758 4 0 0 0 0
fn=_int_malloc
1326 1212 606 1 0 0
1345 3636 606 0 0 0
1794 606 0 0 0 0
2008 20 5 0 0 0
2017 2 0 0 0 0
2552 24 0 0 0 0
2553 4 0 0 0 0
2564 8 4 2 0 0
2589 16 0 0 0 0
2590 8 0 0 0 0
2599 40 10 1 0 0
2605 9 3 0 0 0
2608 12 4 3 0 0
2669 12 0 0 0 0
2677 8 4 0 0 0
2678 12 0 0 0 0
2691 12 4 0 0 0
2693 4 0 0 0 0
2699 20 0 0 0 0
2707 8 4 3 0 0
2709 16 0 0 0 0
2710 12 4 0 0 0
2711 4 0 0 0 0
2712 4 0 0 0 0
2715 8 4 0 0 0
2744 24 4 1 0 0
2745 1 0 0 0 0
2746 8 0 0 0 0
2752 32 7 1 0 0
2753 18 0 0 0 0
2755 4 2 1 0 0
2782 2 0 0 0 0
2783 1 0 0 0 0
2795 3 1 1 0 0
2814 2 0 0 0 0
2817 2 0 0 0 0
2818 6 0 0 0 0
2820 1 1 0 0 0
2821 6 0 0 0 0
2833 5 1 0 0 0
2873 1 0 0 0 0
2875 1 0 0 0 0
2876 5 0 0 0 0
2877 1 0 0 0 0
2888 3 1 1 0 0
2921 12 4 1 0 0
2922 4 0 0 0 0
2926 4 0 0 0 0
2930 20 4 1 0 0
2932 4 0 0 0 0
2933 4 0 0 0 0
2934 4 0 0 0 0
2935 28 0 0 0 0
2936 8 0 0 0 0
2938 4 0 0 0 0
3846 6666 0 0 0 0
3882 1 0 0 0 0
3887 1212 606 0 0 0
3914 1212 606 6 0 0
3977 1212 606 3 0 0
3979 3606 0 0 0 0
3980 1202 0 0 0 0
3982 1803 601 3 0 0
4039 25 5 4 0 0
4040 15 5 0 0 0
4058 1816 0 0 0 0
4059 1818 0 0 0 0
4060 1818 606 1 0 0
4070 3631 606 4 0 0
4257 1818 606 3 0 0
4259 20 0 0 0 0
4262 15 5 2 0 0
4263 606 0 0 0 0
4330 606 0 0 0 0
4331 1212 0 0 0 0
4332 1212 0 0 0 0
4333 1212 0 0 0 0
4334 3636 0 0 0 0
4339 2424 606 0 0 0
4343 5439 1813 3 0 0
4346 4828 1207 0 0 0
4443 606 0 0 0 0
4444 1212 0 0 0 0
4446 1212 606 0 0 0
4449 1818 606 7 0 0
4451 602 0 0 0 0
4452 1204 0 0 0 0
4453 602 0 0 0 0
4454 4816 0 0 0 0
4456 1204 0 0 0 0
4459 1204 0 0 0 0
4460 1818 0 0 0 0
4461 606 0 0 0 0
4466 16 4 2 0 0
4482 4 0 0 0 0
4487 7272 606 0 0 0
fn=alloc_perturb
1985 1818 606 0 0 0
1987 606 0 0 0 0
fn=free
3359 4221 0 0 0 0
3363 1206 603 0 0 0
3371 1206 0 0 0 0
3373 603 0 0 0 0
3375 1809 603 0 0 0
3392 1809 603 0 0 0
3398 1809 0 0 0 0
3401 603 0 0 0 0
3402 3618 0 0 0 0
fn=malloc
1326 1210 605 1 0 0
1345 3025 605 0 0 0
3248 4 1 0 0 0
3294 4840 0 0 0 0
3301 1210 605 1 0 0
3311 1210 0 0 0 0
3313 2420 605 1 0 0
3316 1210 605 5 0 0
3317 4 1 0 0 0
3318 1806 602 5 0 0
3326 1210 605 7 0 0
3328 2420 0 0 0 0
3329 3025 605 0 0 0
3354 3630 0 0 0 0
fn=ptmalloc_init.part.0
1946 385 127 7 0 0
1949 381 0 0 0 0
1957 1 0 0 0 0
1958 1 0 0 0 0
1960 1 0 0 0 0
3143 2 1 1 0 0
fn=systrim.constprop.0
2957 12 0 0 0 0
2966 6 0 0 0 0
2968 2 0 0 0 0
2969 4 2 0 0 0
2974 6 2 0 0 0
2975 2 0 0 0 0
2978 10 0 0 0 0
2980 4 2 2 0 0
2987 6 0 0 0 0
2988 8 2 0 0 0
3000 6 0 0 0 0
3001 4 0 0 0 0
3003 2 0 0 0 0
3005 4 0 0 0 0
3009 4 2 0 0 0
3012 2 0 0 0 0
3013 8 0 0 0 0
3015 4 0 0 0 0
3020 12 0 0 0 0
fn=tcache_init.part.0
3242 4 0 0 0 0
3251 8 2 0 0 0
3252 3 0 0 0 0
3253 2 1 0 0 0
3261 4 2 0 0 0
3270 2 0 0 0 0
3274 3 0 0 0 0
fn=unlink_chunk.isra.0
1608 1186 0 0 0 0
1610 2965 593 0 0 0
1613 1186 0 0 0 0
1614 1186 0 0 0 0
1616 2372 1186 0 0 0
1619 593 0 0 0 0
1620 593 0 0 0 0
1621 2956 1183 6 0 0
1645 1186 0 0 0 0
fl=./malloc/./malloc/morecore.c
fn=__glibc_morecore
25 33 0 0 0 0
26 22 11 2 0 0
29 11 0 0 0 0
30 22 11 0 0 0
34 22 0 0 0 0
fl=./malloc/./malloc/scratch_buffer_set_array_size.c
fn=__libc_scratch_buffer_set_array_size
30 26 0 0 0 0
34 2 0 0 0 0
35 4 2 2 0 0
45 4 2 2 0 0
46 2 0 0 0 0
63 12 0 0 0 0
fl=./misc/../sysdeps/unix/syscall-template.S
fn=mprotect
117 20 4 1 0 0
122 4 0 0 0 0
fn=munmap
117 5 1 0 0 0
122 1 0 0 0 0
fl=./misc/../sysdeps/unix/sysv/linux/brk.c
fn=brk
36 7 0 0 0 0
37 14 0 0 0 0
38 14 7 0 0 0
44 7 0 0 0 0
45 7 0 0 0 0
fl=./misc/../sysdeps/unix/sysv/linux/brk_call.h
fn=brk
24 14 0 0 0 0
fl=./misc/../sysdeps/unix/sysv/linux/mmap64.c
fn=mmap
47 84 0 0 0 0
50 24 12 0 0 0
53 53 19 10 0 0
58 72 12 0 0 0
60 48 0 0 0 0
fl=./misc/../sysdeps/unix/sysv/linux/setvmaname.c
fn=__set_vma_name
33 11 0 0 0 0
35 7 2 1 0 0
40 7 1 1 0 0
47 1 0 0 0 0
49 6 0 0 0 0
fl=./misc/./misc/init-misc.c
fn=__init_misc
30 5 0 0 0 0
31 6 2 0 0 0
33 3 0 0 0 0
37 5 0 0 0 0
38 3 0 0 0 0
40 4 0 0 0 0
fl=./misc/./misc/sbrk.c
fn=sbrk
37 88 0 0 0 0
40 22 0 0 0 0
43 22 11 7 0 0
58 22 11 1 0 0
59 4 1 0 0 0
62 22 11 5 0 0
63 2 0 0 0 0
66 24 12 8 0 0
68 4 0 0 0 0
74 18 6 1 0 0
78 77 0 0 0 0
fl=./nptl/../sysdeps/unix/sysv/linux/x86/elision-conf.c
fn=__lll_elision_init
92 8 0 0 0 0
96 5 0 0 0 0
98 4 0 0 0 0
100 4 0 0 0 0
102 4 0 0 0 0
104 4 0 0 0 0
107 3 1 0 0 0
108 1 0 0 0 0
109 6 1 0 0 0
fl=./nptl/./nptl/libc-cleanup.c
fn=__libc_cleanup_pop_restore
54 3 0 0 0 0
55 3 0 0 0 0
57 6 0 0 0 0
59 3 0 0 0 0
60 9 3 3 0 0
71 3 0 0 0 0
fn=__libc_cleanup_push_defer
24 3 0 0 0 0
25 3 0 0 0 0
27 6 0 0 0 0
29 6 0 0 0 0
32 6 3 0 0 0
46 9 0 0 0 0
48 3 0 0 0 0
49 3 0 0 0 0
fl=./nptl/./nptl/pthread_mutex_conf.c
fn=__pthread_tunables_init
55 8 0 0 0 0
56 5 0 0 0 0
58 4 0 0 0 0
60 4 0 0 0 0
62 6 1 0 0 0
fl=./nptl/./nptl/pthread_mutex_lock.c
fn=pthread_mutex_lock@@GLIBC_2.2.5
44 1 0 0 0 0
45 7 3 0 0 0
46 1 0 0 0 0
77 5 0 0 0 0
80 3 0 0 0 0
82 1 0 0 0 0
84 2 1 1 0 0
88 2 1 1 0 0
97 2 1 0 0 0
108 4 1 0 0 0
112 1 0 0 0 0
115 2 1 1 0 0
124 1 0 0 0 0
130 3 1 0 0 0
131 2 0 0 0 0
179 1 0 0 0 0
182 1 0 0 0 0
184 1 0 0 0 0
187 1 0 0 0 0
190 3 0 0 0 0
fl=./nptl/./nptl/pthread_mutex_unlock.c
fn=pthread_mutex_unlock@@GLIBC_2.2.5
39 1 0 0 0 0
40 4 2 0 0 0
41 1 0 0 0 0
51 3 0 0 0 0
52 2 1 0 0 0
57 2 1 1 0 0
62 1 0 0 0 0
65 1 0 0 0 0
70 1 0 0 0 0
72 1 0 0 0 0
74 2 1 1 0 0
80 4 1 0 0 0
84 3 1 1 0 0
87 2 1 1 0 0
367 4 0 0 0 0
369 2 0 0 0 0
fl=./posix/../malloc/dynarray-skeleton.c
fn=__unregister_atfork
243 2 0 0 0 0
fl=./posix/../sysdeps/unix/sysv/linux/_exit.c
fn=_Exit
27 2 0 0 0 0
30 4 0 0 0 0
fl=./posix/./posix/register-atfork.c
fn=__unregister_atfork
71 4 2 1 0 0
82 12 0 0 0 0
83 8 2 0 0 0
109 8 4 0 0 0
110 6 0 0 0 0
fl=./resource/../sysdeps/unix/sysv/linux/getrlimit64.c
fn=getrlimit
38 2 0 0 0 0
39 7 1 0 0 0
40 1 0 0 0 0
fl=./setjmp/../sysdeps/x86_64/bsd-_setjmp.S
fn=_setjmp
28 1 0 0 0 0
30 1 0 0 0 0
32 1 0 0 0 0
fl=./setjmp/../sysdeps/x86_64/setjmp.S
fn=__sigsetjmp
31 4 0 0 0 0
33 4 0 0 0 0
42 4 0 0 0 0
43 8 0 0 0 0
44 4 0 0 0 0
48 4 0 0 0 0
49 4 0 0 0 0
50 4 0 0 0 0
51 4 0 0 0 0
52 4 0 0 0 0
54 8 0 0 0 0
56 4 0 0 0 0
57 4 0 0 0 0
58 4 0 0 0 0
60 8 0 0 0 0
62 4 0 0 0 0
67 1 0 0 0 0
68 1 1 1 0 0
70 3 0 0 0 0
73 3 0 0 0 0
74 3 0 0 0 0
81 3 0 0 0 0
82 3 0 0 0 0
85 1 0 0 0 0
fl=./setjmp/./setjmp/sigjmp.c
fn=__sigjmp_save
28 6 0 0 0 0
29 1 0 0 0 0
30 2 1 0 0 0
34 4 0 0 0 0
fl=./stdio-common/../include/scratch_buffer.h
fn=__vfscanf_internal
77 3 0 0 0 0
78 1 0 0 0 0
85 4 1 1 0 0
113 7 0 0 0 0
fl=./stdio-common/../string/bits/string_fortified.h
fn=__vfscanf_internal
59 1 0 0 0 0
fl=./stdio-common/./stdio-common/isoc99_scanf.c
fn=__isoc99_scanf
25 14 1 1 0 0
29 6 0 0 0 0
30 7 0 0 0 0
34 5 1 0 0 0
fl=./stdio-common/./stdio-common/printf-parse.h
fn=__vfscanf_internal
55 6 1 0 0 0
fl=./stdio-common/./stdio-common/vfscanf-internal.c
fn=__vfscanf_internal
206 3 0 0 0 0
214 2 0 0 0 0
222 4 0 0 0 0
223 2 0 0 0 0
231 1 0 0 0 0
260 14 4 0 0 0
263 12 0 0 0 0
278 13 0 0 0 0
282 1 0 0 0 0
283 3 0 0 0 0
284 1 0 0 0 0
288 5 0 0 0 0
289 2 0 0 0 0
293 1 0 0 0 0
313 1 0 0 0 0
325 1 0 0 0 0
326 1 0 0 0 0
327 1 0 0 0 0
328 1 0 0 0 0
332 1 0 0 0 0
339 5 0 0 0 0
345 4 1 0 0 0
348 4 2 0 0 0
352 2 0 0 0 0
359 2 0 0 0 0
365 1 0 0 0 0
367 4 0 0 0 0
372 20 2 2 0 0
381 8 2 0 0 0
419 2 1 0 0 0
443 2 0 0 0 0
444 2 1 1 0 0
483 1 0 0 0 0
489 5 1 1 0 0
506 5 1 1 0 0
530 1 0 0 0 0
533 9 1 0 1 1
660 2 1 0 0 0
664 2 0 0 0 0
665 9 2 2 0 0
669 2 0 0 0 0
670 10 0 0 0 0
676 11 3 3 0 0
679 6 1 1 0 0
680 8 0 0 0 0
681 8 1 0 0 0
685 15 1 0 1 1
1441 2 0 0 0 0
1442 2 0 0 0 0
1450 7 1 0 0 0
1455 3 1 1 0 0
1464 7 1 1 0 0
1498 2 1 1 0 0
1501 4 2 1 0 0
1598 4 0 0 0 0
1742 4 0 0 0 0
1813 16 5 1 0 0
1815 8 4 1 0 0
1820 21 7 1 0 0
1822 8 2 1 0 0
1877 3 0 0 0 0
1879 12 0 0 0 0
1881 27 6 0 0 0
1884 2 1 1 0 0
1891 2 1 0 0 0
1892 2 1 0 0 0
1920 10 1 0 0 0
1924 2 1 0 0 0
1941 3 1 0 0 0
1942 5 0 0 0 0
1948 3 1 0 0 0
1951 5 1 0 0 0
1953 2 1 0 0 0
1957 3 1 1 0 0
1959 2 1 1 0 0
1961 2 1 0 0 0
1962 3 1 1 0 0
1976 10 1 0 0 0
1980 2 0 0 0 0
3095 6 1 1 0 0
3098 1 0 0 0 0
3105 13 3 1 0 0
3109 2 1 0 0 0
3126 2 1 0 0 0
3132 12 1 0 0 0
fl=./stdlib/../stdlib/strtol.c
fn=__strtol_internal
107 1 0 0 0 0
108 4 0 0 0 0
fl=./stdlib/../stdlib/strtol_l.c
fn=____strtol_l_internal
238 13 0 0 0 0
252 1 0 0 0 0
257 1 0 0 0 0
258 2 0 0 0 0
264 2 1 0 0 0
292 1 0 0 0 0
295 4 1 0 0 0
304 6 1 1 0 0
306 2 1 0 0 0
310 1 0 0 0 0
311 2 1 0 0 0
316 2 1 0 0 0
320 2 1 0 0 0
335 2 0 0 0 0
342 2 1 1 0 0
345 4 1 0 0 0
393 1 0 0 0 0
394 1 0 0 0 0
395 1 0 0 0 0
449 6 0 0 0 0
451 17 4 1 0 0
453 9 3 3 0 0
477 1 0 0 0 0
478 1 0 0 0 0
481 9 3 0 0 0
484 12 6 6 0 0
489 5 0 0 0 0
490 9 0 0 0 0
495 2 1 0 0 0
500 3 1 0 0 0
501 1 0 0 0 0
506 2 1 0 0 0
507 2 1 0 0 0
509 3 1 0 0 0
524 1 0 0 0 0
546 8 0 0 0 0
fl=./stdlib/./stdlib/cxa_atexit.c
fn=__cxa_atexit
41 2 1 0 0 0
43 8 1 0 0 0
44 2 0 0 0 0
46 2 1 0 0 0
52 3 0 0 0 0
53 1 0 0 0 0
54 1 0 0 0 0
55 1 0 0 0 0
56 1 0 0 0 0
57 4 2 0 0 0
58 1 0 0 0 0
67 7 0 0 0 0
69 6 0 0 0 0
fn=__new_exitfn
80 5 0 0 0 0
81 1 0 0 0 0
86 2 1 0 0 0
91 10 2 1 0 0
93 4 1 0 0 0
101 1 0 0 0 0
122 1 0 0 0 0
123 1 0 0 0 0
134 1 0 0 0 0
136 1 0 0 0 0
137 1 0 0 0 0
141 5 0 0 0 0
fl=./stdlib/./stdlib/cxa_finalize.c
fn=__cxa_finalize
30 20 0 0 0 0
33 14 4 0 0 0
36 14 4 1 0 0
40 14 2 0 0 0
93 14 4 0 0 0
97 12 2 2 0 0
105 4 0 0 0 0
106 8 4 0 0 0
107 16 0 0 0 0
fl=./stdlib/./stdlib/cxa_thread_atexit_impl.c
fn=__call_tls_dtors
148 5 0 0 0 0
149 4 1 1 0 0
165 4 0 0 0 0
fl=./stdlib/./stdlib/exit.c
fn=__run_exit_handlers
38 12 0 0 0 0
40 2 1 1 0 0
41 2 0 0 0 0
43 5 1 0 0 0
54 2 0 0 0 0
56 2 1 0 0 0
60 1 0 0 0 0
64 6 2 1 0 0
66 2 0 0 0 0
67 1 0 0 0 0
69 7 2 1 0 0
94 2 0 0 0 0
101 1 0 0 0 0
102 1 0 0 0 0
103 1 0 0 0 0
104 3 0 0 0 0
107 4 2 1 0 0
108 3 0 0 1 1
109 4 1 1 0 0
113 3 1 1 0 0
119 3 0 0 0 0
120 2 1 1 0 0
126 4 2 0 0 0
128 2 1 1 0 0
129 2 0 0 0 0
131 2 0 0 0 0
fn=exit
137 3 0 0 0 0
138 4 0 0 0 0
fl=./stdlib/./stdlib/rand.c
fn=rand
26 240000 0 0 0 0
27 80000 0 0 0 0
28 160000 0 0 0 0
fl=./stdlib/./stdlib/random.c
fn=random
288 560000 0 0 0 0
291 240000 80000 0 0 0
293 240000 0 0 0 0
295 320000 160000 0 0 0
297 80000 0 0 0 0
298 400000 80000 0 0 0
fl=./stdlib/./stdlib/random_r.c
fn=random_r
354 80000 0 0 0 0
357 320000 160000 1 0 0
360 80000 0 0 0 0
362 240000 80000 4 0 0
370 80000 0 0 0 0
371 80000 0 0 0 0
372 80000 0 0 0 0
375 240000 0 0 0 0
377 160000 0 0 0 0
378 157420 0 0 0 0
379 160000 80000 2580 0 0
382 80000 0 0 0 0
387 154840 77420 2580 0 0
388 5160 0 0 0 0
390 80000 0 0 0 0
391 80000 0 0 0 0
393 80000 0 0 0 0
398 80000 0 0 0 0
fl=./string/../include/rtld-malloc.h
fn=strdup
56 6 0 0 3 1
fl=./string/../string/strcspn.c
fn=strcspn
32 6 0 0 0 0
33 3 1 0 0 0
34 2 1 0 0 0
39 6 0 0 0 0
40 4 0 0 0 0
41 4 0 0 0 0
42 4 0 0 0 0
44 1 0 0 0 0
47 9 0 0 0 0
48 6 3 2 0 0
51 4 1 0 0 0
52 4 1 0 0 0
53 4 1 0 0 0
54 4 1 0 0 0
56 3 0 0 0 0
61 13 0 0 0 0
62 26 0 0 0 0
63 26 0 0 0 0
64 26 0 0 0 0
65 13 0 0 0 0
67 78 13 10 0 0
69 1 0 0 0 0
70 4 1 0 0 0
71 3 0 0 0 0
fl=./string/../sysdeps/x86/cacheinfo.c
fn=__x86_cacheinfo
86 1 0 0 0 0
fl=./string/../sysdeps/x86/cacheinfo.h
fn=__x86_cacheinfo
59 1 0 0 0 0
62 3 1 0 0 0
64 3 0 0 0 0
65 1 0 0 0 0
71 3 1 0 0 0
73 3 0 0 0 0
74 1 0 0 0 0
78 2 0 0 0 0
80 2 0 0 0 0
81 2 0 0 0 0
82 2 0 0 0 0
84 2 1 1 0 0
86 2 0 0 0 0
fl=./string/../sysdeps/x86_64/multiarch/../multiarch/memcmp-sse2.S
fn=bcmp
59 1 0 0 0 0
71 1 0 0 0 0
72 1 1 0 0 0
94 1 0 0 0 0
95 1 1 1 0 0
140 1 0 0 0 0
141 1 0 0 0 0
143 1 0 0 0 0
144 1 1 0 0 0
146 1 0 0 0 0
147 1 0 0 0 0
149 1 0 0 0 0
150 1 1 1 0 0
197 1 0 0 0 0
198 1 0 0 0 0
199 1 0 0 0 0
200 1 0 0 0 0
201 1 0 0 0 0
202 1 0 0 0 0
fl=./string/../sysdeps/x86_64/multiarch/../multiarch/memset-vec-unaligned-erms.S
fn=memset
132 7 0 0 0 0
133 35 0 0 0 0
138 7 0 0 0 0
139 7 7 5 0 0
142 2 0 0 0 0
143 2 2 2 0 0
244 2 0 0 0 0
245 2 0 0 0 0
257 2 0 0 0 0
260 2 0 0 0 0
261 2 2 0 0 0
273 2 0 0 0 0
274 2 0 0 0 0
287 2 0 0 0 0
288 2 0 0 0 0
290 2 2 1 0 0
293 1 0 0 0 0
296 2 0 0 0 0
299 35 0 0 0 0
300 35 0 0 0 0
301 35 0 0 0 0
302 35 0 0 0 0
303 35 0 0 0 0
304 35 0 0 0 0
305 35 35 10 0 0
308 2 0 0 0 0
309 2 0 0 0 0
310 2 0 0 0 0
311 2 0 0 0 0
316 2 0 0 0 0
350 5 0 0 0 0
352 5 0 0 0 0
353 5 5 4 0 0
392 5 0 0 0 0
393 5 0 0 0 0
395 5 0 0 0 0
fl=./string/../sysdeps/x86_64/multiarch/../multiarch/strchr-sse2.S
fn=index
32 15 0 0 0 0
33 15 0 0 0 0
34 15 0 0 0 0
35 15 0 0 0 0
36 15 0 0 0 0
37 15 0 0 0 0
38 15 0 0 0 0
39 15 0 0 0 0
40 15 15 0 0 0
41 15 0 0 0 0
42 15 0 0 0 0
43 15 0 0 0 0
44 15 0 0 0 0
45 15 0 0 0 0
46 15 0 0 0 0
47 15 0 0 0 0
48 15 0 0 0 0
49 15 15 2 0 0
50 13 0 0 0 0
54 13 0 0 0 0
55 13 0 0 0 0
56 13 0 0 0 0
57 13 0 0 0 0
59 13 0 0 0 0
63 2 0 0 0 0
64 2 0 0 0 0
65 2 0 0 0 0
66 2 0 0 0 0
67 2 0 0 0 0
68 2 0 0 0 0
69 2 0 0 0 0
70 2 0 0 0 0
71 2 0 0 0 0
72 2 0 0 0 0
73 2 0 0 0 0
74 2 0 0 0 0
75 2 0 0 0 0
76 2 0 0 0 0
77 2 0 0 0 0
78 2 0 0 0 0
79 2 0 0 0 0
80 2 0 0 0 0
81 2 0 0 0 0
82 2 0 0 0 0
83 2 0 0 0 0
84 2 0 0 0 0
85 2 0 0 0 0
86 2 2 2 0 0
138 2 0 0 0 0
142 2 0 0 0 0
143 2 0 0 0 0
144 2 0 0 0 0
145 2 0 0 0 0
147 2 0 0 0 0
fl=./string/../sysdeps/x86_64/multiarch/../multiarch/strcmp-sse2.S
fn=strcmp
98 176 0 0 0 0
131 176 0 0 0 0
132 176 0 0 0 0
134 176 0 0 0 0
135 176 0 0 0 0
156 176 0 0 0 0
157 176 162 26 0 0
158 146 0 0 0 0
159 146 146 12 0 0
160 134 0 0 0 0
161 134 0 0 0 0
162 134 0 0 0 0
163 134 0 0 0 0
180 134 0 0 0 0
181 134 0 0 0 0
182 134 0 0 0 0
183 134 0 0 0 0
184 134 0 0 0 0
185 134 0 0 0 0
186 134 134 41 0 0
191 11 0 0 0 0
192 33 0 0 0 0
201 53 0 0 0 0
202 53 0 0 0 0
203 53 0 0 0 0
204 53 0 0 0 0
205 53 0 0 0 0
206 53 0 0 0 0
207 53 0 0 0 0
208 53 53 8 0 0
209 51 51 27 0 0
210 21 0 0 0 0
211 21 0 0 0 0
212 21 0 0 0 0
214 51 0 0 0 0
215 51 0 0 0 0
216 51 0 0 0 0
217 51 0 0 0 0
218 51 0 0 0 0
219 51 0 0 51 39
229 2 0 0 0 0
230 2 0 0 0 0
231 2 0 0 0 0
233 2 0 0 0 0
239 2 0 0 0 0
240 2 0 0 0 0
241 2 0 0 0 0
242 2 0 0 0 0
243 2 0 0 0 0
248 2 2 2 0 0
300 6 0 0 0 0
301 6 0 0 0 0
302 6 0 0 0 0
303 6 0 0 0 0
304 6 0 0 0 0
306 6 0 0 0 0
307 6 0 0 0 0
308 6 0 0 0 0
309 6 0 0 0 0
310 6 0 0 0 0
311 6 0 0 0 0
312 6 6 0 0 0
313 6 0 0 0 0
316 6 0 0 0 0
317 6 0 0 0 0
318 6 0 0 0 0
324 6 0 0 0 0
325 6 0 0 0 0
326 12 0 0 0 0
330 6 0 0 0 0
331 6 6 0 0 0
334 6 0 0 0 0
335 6 0 0 0 0
336 6 0 0 0 0
338 6 0 0 0 0
339 6 0 0 0 0
340 6 0 0 0 0
344 6 0 0 0 0
345 6 0 0 0 0
346 6 0 0 0 0
347 6 0 0 0 0
348 6 0 0 0 0
349 6 6 0 0 0
661 1 0 0 0 0
662 1 0 0 0 0
663 1 0 0 0 0
664 1 0 0 0 0
665 1 0 0 0 0
667 1 0 0 0 0
668 1 0 0 0 0
669 1 0 0 0 0
670 1 0 0 0 0
671 1 0 0 0 0
672 1 0 0 0 0
673 1 1 1 0 0
780 1 0 0 0 0
781 1 0 0 0 0
782 1 0 0 0 0
783 1 0 0 0 0
784 1 0 0 0 0
786 1 0 0 0 0
787 1 0 0 0 0
788 1 0 0 0 0
789 1 0 0 0 0
790 1 0 0 0 0
791 1 0 0 0 0
792 1 1 0 0 0
899 3 0 0 0 0
900 3 0 0 0 0
901 3 0 0 0 0
902 3 0 0 0 0
903 3 0 0 0 0
905 3 0 0 0 0
906 3 0 0 0 0
907 3 0 0 0 0
908 3 0 0 0 0
909 3 0 0 0 0
910 3 0 0 0 0
911 3 3 0 0 0
912 2 0 0 0 0
916 2 0 0 0 0
917 2 0 0 0 0
918 2 0 0 0 0
924 2 0 0 0 0
925 2 0 0 0 0
926 4 0 0 0 0
930 2 0 0 0 0
931 2 2 0 0 0
934 2 0 0 0 0
935 2 0 0 0 0
936 2 0 0 0 0
938 2 0 0 0 0
939 2 0 0 0 0
940 2 0 0 0 0
944 2 0 0 0 0
945 2 0 0 0 0
946 2 0 0 0 0
947 2 0 0 0 0
948 2 0 0 0 0
949 2 2 1 0 0
956 1 0 0 0 0
957 1 0 0 0 0
959 1 0 0 0 0
960 1 1 0 0 0
962 1 0 0 0 0
963 1 0 0 0 0
964 1 0 0 0 0
966 1 0 0 0 0
967 1 0 0 0 0
968 1 0 0 0 0
972 1 0 0 0 0
973 1 0 0 0 0
974 1 0 0 0 0
975 1 0 0 0 0
976 1 0 0 0 0
977 1 1 1 0 0
1018 8 0 0 0 0
1019 8 0 0 0 0
1020 8 0 0 0 0
1021 8 0 0 0 0
1022 8 0 0 0 0
1024 8 0 0 0 0
1025 8 0 0 0 0
1026 8 0 0 0 0
1027 8 0 0 0 0
1028 8 0 0 0 0
1029 8 0 0 0 0
1030 8 8 0 0 0
1031 8 0 0 0 0
1035 8 0 0 0 0
1036 8 0 0 0 0
1037 8 0 0 0 0
1043 8 0 0 0 0
1044 8 0 0 0 0
1045 16 0 0 0 0
1049 8 0 0 0 0
1050 8 8 0 0 0
1053 8 0 0 0 0
1054 8 0 0 0 0
1055 8 0 0 0 0
1057 8 0 0 0 0
1058 8 0 0 0 0
1059 8 0 0 0 0
1063 8 0 0 0 0
1064 8 0 0 0 0
1065 8 0 0 0 0
1066 8 0 0 0 0
1067 8 0 0 0 0
1068 8 8 3 0 0
1137 7 0 0 0 0
1138 7 0 0 0 0
1139 7 0 0 0 0
1140 7 0 0 0 0
1141 7 0 0 0 0
1143 7 0 0 0 0
1144 7 0 0 0 0
1145 7 0 0 0 0
1146 7 0 0 0 0
1147 7 0 0 0 0
1148 7 0 0 0 0
1149 7 7 5 0 0
1256 4 0 0 0 0
1257 4 0 0 0 0
1258 4 0 0 0 0
1259 4 0 0 0 0
1260 4 0 0 0 0
1262 4 0 0 0 0
1263 4 0 0 0 0
1264 4 0 0 0 0
1265 4 0 0 0 0
1266 4 0 0 0 0
1267 4 0 0 0 0
1268 4 4 4 0 0
1375 1 0 0 0 0
1376 1 0 0 0 0
1377 1 0 0 0 0
1378 1 0 0 0 0
1379 1 0 0 0 0
1381 1 0 0 0 0
1382 1 0 0 0 0
1383 1 0 0 0 0
1384 1 0 0 0 0
1385 1 0 0 0 0
1386 1 0 0 0 0
1387 1 1 0 0 0
1494 3 0 0 0 0
1495 3 0 0 0 0
1496 3 0 0 0 0
1497 3 0 0 0 0
1498 3 0 0 0 0
1500 3 0 0 0 0
1501 3 0 0 0 0
1502 3 0 0 0 0
1503 3 0 0 0 0
1504 3 0 0 0 0
1505 3 0 0 0 0
1506 3 3 0 0 0
1507 3 0 0 0 0
1511 3 0 0 0 0
1512 3 0 0 0 0
1513 3 0 0 0 0
1519 3 0 0 0 0
1520 3 0 0 0 0
1521 6 0 0 0 0
1525 3 0 0 0 0
1526 3 3 0 0 0
1529 3 0 0 0 0
1530 3 0 0 0 0
1531 3 0 0 0 0
1533 3 0 0 0 0
1534 3 0 0 0 0
1535 3 0 0 0 0
1539 3 0 0 0 0
1540 3 0 0 0 0
1541 3 0 0 0 0
1542 3 0 0 0 0
1543 3 0 0 0 0
1544 3 3 3 0 0
1613 2 0 0 0 0
1614 2 0 0 0 0
1615 2 0 0 0 0
1616 2 0 0 0 0
1617 2 0 0 0 0
1619 2 0 0 0 0
1620 2 0 0 0 0
1621 2 0 0 0 0
1622 2 0 0 0 0
1623 2 0 0 0 0
1624 2 0 0 0 0
1625 2 2 1 0 0
1626 1 0 0 0 0
1630 1 0 0 0 0
1631 1 0 0 0 0
1632 1 0 0 0 0
1638 1 0 0 0 0
1639 1 0 0 0 0
1640 2 0 0 0 0
1644 1 0 0 0 0
1645 1 1 0 0 0
1648 1 0 0 0 0
1649 1 0 0 0 0
1650 1 0 0 0 0
1652 1 0 0 0 0
1653 1 0 0 0 0
1654 1 0 0 0 0
1658 1 0 0 0 0
1659 1 0 0 0 0
1660 1 0 0 0 0
1661 1 0 0 0 0
1662 1 0 0 0 0
1663 1 1 0 0 0
1670 1 0 0 0 0
1671 1 0 0 0 0
1673 1 0 0 0 0
1674 1 1 0 0 0
1676 1 0 0 0 0
1677 1 0 0 0 0
1678 1 0 0 0 0
1680 1 0 0 0 0
1681 1 0 0 0 0
1682 1 0 0 0 0
1686 1 0 0 0 0
1687 1 0 0 0 0
1688 1 0 0 0 0
1689 1 0 0 0 0
1690 1 0 0 0 0
1691 1 1 1 0 0
1732 7 0 0 0 0
1733 7 0 0 0 0
1734 7 0 0 0 0
1735 7 0 0 0 0
1736 7 0 0 0 0
1738 7 0 0 0 0
1739 7 0 0 0 0
1740 7 0 0 0 0
1741 7 0 0 0 0
1742 7 0 0 0 0
1743 7 0 0 0 0
1744 7 7 1 0 0
1745 6 0 0 0 0
1749 6 0 0 0 0
1750 6 0 0 0 0
1751 6 0 0 0 0
1757 6 0 0 0 0
1758 6 0 0 0 0
1759 12 0 0 0 0
1763 6 0 0 0 0
1764 6 6 0 0 0
1767 6 0 0 0 0
1768 6 0 0 0 0
1769 6 0 0 0 0
1771 6 0 0 0 0
1772 6 0 0 0 0
1773 6 0 0 0 0
1777 6 0 0 0 0
1778 6 0 0 0 0
1779 6 0 0 0 0
1780 6 0 0 0 0
1781 6 0 0 0 0
1782 6 6 2 0 0
1789 1 0 0 0 0
1790 1 0 0 0 0
1792 1 0 0 0 0
1793 1 1 0 0 0
1795 1 0 0 0 0
1796 1 0 0 0 0
1797 1 0 0 0 0
1799 1 0 0 0 0
1800 1 0 0 0 0
1801 1 0 0 0 0
1805 1 0 0 0 0
1806 1 0 0 0 0
1807 1 0 0 0 0
1808 1 0 0 0 0
1809 1 0 0 0 0
1810 1 1 1 0 0
1851 6 0 0 0 0
1852 6 0 0 0 0
1853 6 0 0 0 0
1854 6 0 0 0 0
1855 6 0 0 0 0
1857 6 0 0 0 0
1858 6 0 0 0 0
1859 6 0 0 0 0
1860 6 0 0 0 0
1861 6 0 0 0 0
1862 6 0 0 0 0
1863 6 6 6 0 0
1864 3 0 0 0 0
1868 3 0 0 0 0
1869 3 0 0 0 0
1870 3 0 0 0 0
1876 3 0 0 0 0
1877 3 0 0 0 0
1878 6 0 0 0 0
1882 3 0 0 0 0
1883 3 3 0 0 0
1886 3 0 0 0 0
1887 3 0 0 0 0
1888 3 0 0 0 0
1890 3 0 0 0 0
1891 3 0 0 0 0
1892 3 0 0 0 0
1896 3 0 0 0 0
1897 3 0 0 0 0
1898 3 0 0 0 0
1899 3 0 0 0 0
1900 3 0 0 0 0
1901 3 3 1 0 0
1970 2 0 0 0 0
1971 2 0 0 0 0
1972 2 0 0 0 0
1973 2 0 0 0 0
1974 2 0 0 0 0
1976 2 0 0 0 0
1977 2 0 0 0 0
1978 2 0 0 0 0
1979 2 0 0 0 0
1980 2 0 0 0 0
1981 2 0 0 0 0
1982 2 2 1 0 0
1984 1 0 0 0 0
1988 1 0 0 0 0
1989 1 0 0 0 0
1990 1 0 0 0 0
1996 1 0 0 0 0
1997 1 0 0 0 0
1999 2 0 0 0 0
2003 1 0 0 0 0
2004 1 1 0 0 0
2007 1 0 0 0 0
2008 1 0 0 0 0
2009 1 0 0 0 0
2011 1 0 0 0 0
2012 1 0 0 0 0
2013 1 0 0 0 0
2017 1 0 0 0 0
2018 1 0 0 0 0
2019 1 0 0 0 0
2020 1 0 0 0 0
2021 1 0 0 0 0
2022 1 1 0 0 0
2093 30 0 0 0 0
2095 53 0 0 0 0
2096 53 0 0 0 0
2097 53 0 0 0 0
2098 53 53 14 0 0
2099 42 0 0 0 0
2104 176 0 0 0 0
2110 176 0 0 0 0
2111 176 0 0 0 0
2119 176 0 0 0 0
2120 176 0 0 0 0
fn=strncmp
98 1 0 0 0 0
125 1 0 0 0 0
126 1 1 0 0 0
127 1 0 0 0 0
128 1 1 0 0 0
129 1 0 0 0 0
131 1 0 0 0 0
132 1 0 0 0 0
134 1 0 0 0 0
135 1 0 0 0 0
156 1 0 0 0 0
157 1 0 0 0 0
158 1 0 0 0 0
159 1 1 0 0 0
160 1 0 0 0 0
161 1 0 0 0 0
162 1 0 0 0 0
163 1 0 0 0 0
180 1 0 0 0 0
181 1 0 0 0 0
182 1 0 0 0 0
183 1 0 0 0 0
184 1 0 0 0 0
185 1 0 0 0 0
186 1 1 1 0 0
2104 1 0 0 0 0
2107 1 0 0 0 0
2108 1 1 0 0 0
2110 1 0 0 0 0
2111 1 0 0 0 0
2119 1 0 0 0 0
2120 1 0 0 0 0
fl=./string/../sysdeps/x86_64/multiarch/../multiarch/strlen-sse2.S
fn=strlen
57 15 0 0 0 0
101 15 0 0 0 0
102 15 0 0 0 0
103 15 0 0 0 0
104 15 0 0 0 0
105 15 0 0 0 0
106 15 0 0 0 0
107 15 0 0 0 0
109 15 0 0 0 0
111 15 15 0 0 0
142 15 0 0 0 0
143 15 0 0 0 0
144 15 0 0 0 0
145 15 0 0 0 0
146 15 15 5 0 0
147 9 0 0 0 0
149 9 0 0 0 0
153 6 0 0 0 0
154 6 0 0 0 0
155 6 0 0 0 0
156 6 0 0 0 0
157 6 0 0 0 0
158 6 0 0 0 0
159 6 0 0 0 0
160 6 0 0 0 0
161 6 0 0 0 0
162 6 0 0 0 0
163 6 0 0 0 0
164 6 0 0 0 0
169 48 6 0 0 0
fl=./string/../sysdeps/x86_64/multiarch/ifunc-avx2.h
fn=memrchr
38 4 1 1 0 0
40 3 0 0 0 0
41 2 1 0 0 0
42 3 1 0 0 0
45 2 0 0 0 0
46 2 1 1 0 0
49 3 1 0 0 0
52 6 0 0 0 0
fn=rindex
38 4 1 1 0 0
40 3 0 0 0 0
41 2 1 0 0 0
42 3 1 0 0 0
45 2 0 0 0 0
46 2 1 1 0 0
49 3 1 0 0 0
52 6 0 0 0 0
fn=strchrnul
38 4 1 1 0 0
40 3 0 0 0 0
41 2 1 0 0 0
42 3 1 0 0 0
45 2 0 0 0 0
46 2 1 1 0 0
49 3 1 0 0 0
52 6 0 0 0 0
fn=strlen
38 4 1 1 0 0
40 3 0 0 0 0
41 2 1 0 0 0
42 3 1 0 0 0
45 2 0 0 0 0
46 2 1 1 0 0
49 3 1 0 0 0
52 6 0 0 0 0
fn=strnlen
38 8 2 2 0 0
40 6 0 0 0 0
41 4 2 0 0 0
42 6 2 0 0 0
45 4 0 0 0 0
46 4 2 2 0 0
49 6 2 0 0 0
52 12 0 0 0 0
fl=./string/../sysdeps/x86_64/multiarch/ifunc-evex.h
fn=memchr
37 4 1 1 0 0
38 3 0 0 0 0
39 3 1 0 0 0
42 2 0 0 0 0
43 2 1 1 0 0
45 2 0 0 0 0
51 3 1 0 0 0
54 4 0 0 0 0
fl=./string/../sysdeps/x86_64/multiarch/ifunc-memcmp.h
fn=bcmp
34 5 1 0 0 0
35 2 1 0 0 0
36 2 1 0 0 0
37 3 1 1 0 0
40 2 0 0 0 0
41 2 1 1 0 0
44 3 1 0 0 0
47 4 0 0 0 0
fl=./string/../sysdeps/x86_64/multiarch/ifunc-memmove.h
fn=memcpy@@GLIBC_2.14
56 2 1 0 0 0
57 3 0 0 0 0
60 3 0 0 0 0
61 2 1 1 0 0
74 2 1 0 0 0
77 2 1 0 0 0
85 2 1 1 0 0
93 2 1 1 0 0
96 5 0 0 0 0
fn=memmove
56 2 1 0 0 0
57 3 0 0 0 0
60 3 0 0 0 0
61 2 1 1 0 0
74 2 1 0 0 0
77 2 1 0 0 0
85 2 1 1 0 0
93 2 1 1 0 0
96 5 0 0 0 0
fn=mempcpy
56 2 1 0 0 0
57 3 0 0 0 0
60 3 0 0 0 0
61 2 1 1 0 0
74 2 1 0 0 0
77 2 1 0 0 0
85 2 1 1 0 0
93 2 1 1 0 0
96 5 0 0 0 0
fl=./string/../sysdeps/x86_64/multiarch/ifunc-memset.h
fn=memset
54 5 1 0 0 0
57 3 0 0 0 0
58 2 1 1 0 0
64 2 0 0 0 0
73 2 1 0 0 0
75 2 1 0 0 0
85 2 1 0 0 0
93 2 1 0 0 0
96 5 0 0 0 0
fl=./string/../sysdeps/x86_64/multiarch/ifunc-sse4_2.h
fn=strcspn
36 5 0 0 0 0
fn=strpbrk
36 5 0 0 0 0
fn=strspn
36 5 0 0 0 0
fl=./string/../sysdeps/x86_64/multiarch/ifunc-strcasecmp.h
fn=strcasecmp
36 4 1 1 0 0
37 2 0 0 0 0
38 3 1 0 0 0
41 2 0 0 0 0
42 2 1 1 0 0
45 3 1 0 0 0
48 5 1 0 0 0
fn=strcasecmp_l
36 4 1 1 0 0
37 2 0 0 0 0
38 3 1 0 0 0
41 2 0 0 0 0
42 2 1 0 0 0
45 3 1 0 0 0
48 5 1 0 0 0
fn=strncasecmp
36 4 1 1 0 0
37 2 0 0 0 0
38 3 1 0 0 0
41 2 0 0 0 0
42 2 1 1 0 0
45 3 1 0 0 0
48 5 1 0 0 0
fn=strncasecmp_l
36 4 1 1 0 0
37 2 0 0 0 0
38 3 1 0 0 0
41 2 0 0 0 0
42 2 1 1 0 0
45 3 1 0 0 0
48 5 1 0 0 0
fl=./string/../sysdeps/x86_64/multiarch/ifunc-strcpy.h
fn=stpcpy
38 4 0 0 0 0
39 3 1 0 0 0
42 2 0 0 0 0
43 2 1 1 0 0
46 3 1 0 0 0
49 3 1 1 0 0
fn=strcat
38 4 0 0 0 0
39 3 1 0 0 0
42 2 0 0 0 0
43 2 1 1 0 0
46 3 1 0 0 0
49 3 1 1 0 0
fn=strcpy
38 4 0 0 0 0
39 3 1 0 0 0
42 2 0 0 0 0
43 2 1 1 0 0
46 3 1 0 0 0
49 3 1 1 0 0
fl=./string/../sysdeps/x86_64/multiarch/ifunc-strncpy.h
fn=stpncpy
35 5 1 0 0 0
36 3 1 0 0 0
39 2 0 0 0 0
40 2 1 1 0 0
43 3 1 0 0 0
46 4 0 0 0 0
fn=strncpy
35 5 1 0 0 0
36 3 1 0 0 0
39 2 0 0 0 0
40 2 1 1 0 0
43 3 1 0 0 0
46 4 0 0 0 0
fl=./string/../sysdeps/x86_64/multiarch/memchr.c
fn=memchr
29 2 0 0 0 0
fl=./string/../sysdeps/x86_64/multiarch/memcmp.c
fn=bcmp
29 4 0 0 0 0
fl=./string/../sysdeps/x86_64/multiarch/memcmpeq.c
fn=memcpy@@GLIBC_2.14
29 1 0 0 0 0
fl=./string/../sysdeps/x86_64/multiarch/memmove-vec-unaligned-erms.S
fn=__memcpy_avx_unaligned_erms
262 3 0 0 0 0
263 3 3 2 0 0
305 3 0 0 0 0
306 3 3 2 0 0
342 3 0 0 0 0
343 3 0 0 0 0
344 3 0 0 0 0
345 3 0 0 0 0
347 3 0 0 0 0
fn=__mempcpy_avx_unaligned_erms
242 3 0 0 0 0
243 3 0 0 0 0
244 3 0 0 0 0
245 3 0 0 0 0
fn=memcpy
210 16 0 0 0 0
211 16 0 0 0 0
217 29 0 0 0 0
218 29 29 14 0 0
220 15 0 0 0 0
221 15 0 0 0 0
222 15 15 4 0 0
224 11 0 0 0 0
225 11 0 0 0 0
226 11 0 0 0 0
228 11 0 0 0 0
308 14 0 0 0 0
309 14 14 12 0 0
311 2 0 0 0 0
315 2 2 0 0 0
316 2 0 0 0 0
317 2 2 1 0 0
318 1 0 0 0 0
319 1 1 1 0 0
323 1 0 0 0 0
325 2 0 0 0 0
364 12 0 0 0 0
365 12 0 0 0 0
366 12 0 0 0 0
367 12 0 0 0 0
368 12 0 0 0 0
375 4 0 0 0 0
376 4 0 0 0 0
377 4 0 0 0 0
378 4 0 0 0 0
379 4 0 0 0 0
380 4 0 0 0 0
381 4 0 0 0 0
392 4 0 0 0 0
393 4 4 0 0 0
395 4 0 0 0 0
396 4 0 0 0 0
397 4 4 4 0 0
fn=mempcpy
197 13 0 0 0 0
198 13 0 0 0 0
199 13 0 0 0 0
200 13 0 0 0 0
fl=./string/../sysdeps/x86_64/multiarch/memmove.c
fn=memmove
29 1 0 0 0 0
fl=./string/../sysdeps/x86_64/multiarch/mempcpy.c
fn=mempcpy
33 1 0 0 0 0
fl=./string/../sysdeps/x86_64/multiarch/memrchr.c
fn=memrchr
29 3 0 0 0 0
fl=./string/../sysdeps/x86_64/multiarch/memset.c
fn=memset
29 1 0 0 0 0
fl=./string/../sysdeps/x86_64/multiarch/stpcpy.c
fn=stpcpy
33 3 0 0 0 0
fl=./string/../sysdeps/x86_64/multiarch/stpncpy.c
fn=stpncpy
31 3 0 0 0 0
fl=./string/../sysdeps/x86_64/multiarch/strcasecmp.c
fn=strcasecmp
31 3 0 0 0 0
fl=./string/../sysdeps/x86_64/multiarch/strcasecmp_l.c
fn=strcasecmp_l
31 3 0 0 0 0
fl=./string/../sysdeps/x86_64/multiarch/strcat.c
fn=strcat
29 3 0 0 0 0
fl=./string/../sysdeps/x86_64/multiarch/strchr.c
fn=index
42 4 0 0 0 0
43 2 0 0 0 0
44 3 1 0 0 0
47 2 0 0 0 0
48 2 1 1 0 0
51 3 1 0 0 0
54 3 1 0 0 0
65 3 0 0 0 0
fl=./string/../sysdeps/x86_64/multiarch/strchrnul.c
fn=strchrnul
31 3 0 0 0 0
fl=./string/../sysdeps/x86_64/multiarch/strcmp.c
fn=strcmp
47 4 0 0 0 0
48 2 0 0 0 0
49 3 1 0 0 0
52 2 0 0 0 0
53 2 1 1 0 0
56 3 1 0 0 0
59 3 1 0 0 0
79 3 0 0 0 0
fl=./string/../sysdeps/x86_64/multiarch/strcpy.c
fn=strcpy
29 3 0 0 0 0
fl=./string/../sysdeps/x86_64/multiarch/strcspn.c
fn=strcspn
29 2 0 0 0 0
fl=./string/../sysdeps/x86_64/multiarch/strlen-avx2.S
fn=__strlen_avx2
52 4 0 0 0 0
65 4 0 0 0 0
66 4 0 0 0 0
67 4 0 0 0 0
70 4 0 0 0 0
72 4 0 0 0 0
73 4 4 0 0 0
76 4 0 0 0 0
77 4 0 0 0 0
85 4 0 0 0 0
86 4 4 0 0 0
87 4 0 0 0 0
92 8 0 0 0 0
fl=./string/../sysdeps/x86_64/multiarch/strlen.c
fn=strlen
29 3 0 0 0 0
fl=./string/../sysdeps/x86_64/multiarch/strncase.c
fn=strncasecmp
31 3 0 0 0 0
fl=./string/../sysdeps/x86_64/multiarch/strncase_l.c
fn=strncasecmp_l
31 3 0 0 0 0
fl=./string/../sysdeps/x86_64/multiarch/strncmp.c
fn=strncmp
43 4 1 1 0 0
44 2 0 0 0 0
45 3 1 0 0 0
48 2 0 0 0 0
49 2 1 1 0 0
52 3 1 0 0 0
55 5 1 0 0 0
67 3 0 0 0 0
fl=./string/../sysdeps/x86_64/multiarch/strncpy.c
fn=strncpy
29 3 0 0 0 0
fl=./string/../sysdeps/x86_64/multiarch/strnlen.c
fn=strnlen
31 6 0 0 0 0
fl=./string/../sysdeps/x86_64/multiarch/strpbrk.c
fn=strpbrk
29 2 0 0 0 0
fl=./string/../sysdeps/x86_64/multiarch/strrchr-avx2.S
fn=__strrchr_avx2
53 1 0 0 0 0
54 1 0 0 0 0
55 1 0 0 0 0
57 1 0 0 0 0
58 1 0 0 0 0
62 1 0 0 0 0
63 1 0 0 0 0
64 1 1 0 0 0
67 1 0 0 0 0
69 1 0 0 0 0
70 1 0 0 0 0
71 1 0 0 0 0
72 1 1 0 0 0
75 1 0 0 0 0
76 1 0 0 0 0
78 1 0 0 0 0
79 1 0 0 0 0
80 1 1 0 0 0
81 1 0 0 0 0
82 1 0 0 0 0
91 2 0 0 0 0
fl=./string/../sysdeps/x86_64/multiarch/strrchr.c
fn=rindex
28 3 0 0 0 0
fl=./string/../sysdeps/x86_64/multiarch/strspn.c
fn=strspn
29 2 0 0 0 0
fl=./string/./string/strdup.c
fn=strdup
40 18 0 0 0 0
41 6 0 0 0 0
44 6 3 0 0 0
47 12 0 0 0 0
48 9 0 0 0 0
fl=./wcsmbs/../sysdeps/x86_64/multiarch/ifunc-avx2.h
fn=wcschr
38 8 2 2 0 0
40 6 0 0 0 0
41 4 2 0 0 0
42 6 2 0 0 0
45 4 0 0 0 0
46 4 2 2 0 0
49 6 2 0 0 0
52 12 0 0 0 0
fn=wcscmp
38 4 1 1 0 0
40 3 0 0 0 0
41 2 1 0 0 0
42 3 1 0 0 0
45 2 0 0 0 0
46 2 1 1 0 0
49 3 1 0 0 0
52 6 0 0 0 0
fl=./wcsmbs/../sysdeps/x86_64/multiarch/ifunc-evex.h
fn=wmemchr
37 8 2 2 0 0
38 6 0 0 0 0
39 6 2 0 0 0
42 4 0 0 0 0
43 4 2 2 0 0
45 4 0 0 0 0
51 6 2 0 0 0
54 8 0 0 0 0
fl=./wcsmbs/../sysdeps/x86_64/multiarch/ifunc-memcmp.h
fn=wmemcmp
34 5 1 0 0 0
35 2 1 0 0 0
36 2 1 0 0 0
37 3 1 0 0 0
40 2 0 0 0 0
41 2 1 1 0 0
44 3 1 0 0 0
47 4 0 0 0 0
fl=./wcsmbs/../sysdeps/x86_64/multiarch/ifunc-wcs.h
fn=wcpncpy
39 4 1 1 0 0
40 3 0 0 0 0
41 3 1 0 0 0
44 2 0 0 0 0
45 3 1 1 0 0
48 4 0 0 0 0
fn=wcscat
39 4 1 0 0 0
40 3 0 0 0 0
41 3 1 0 0 0
44 2 0 0 0 0
45 3 1 1 0 0
48 4 0 0 0 0
fn=wcsncpy
39 4 1 1 0 0
40 3 0 0 0 0
41 3 1 0 0 0
44 2 0 0 0 0
45 3 1 1 0 0
48 4 0 0 0 0
fl=./wcsmbs/../sysdeps/x86_64/multiarch/ifunc-wcslen.h
fn=wcslen
40 4 1 1 0 0
41 2 0 0 0 0
42 3 1 0 0 0
45 2 0 0 0 0
46 2 1 1 0 0
49 3 1 0 0 0
52 3 1 0 0 0
fn=wcsnlen
40 4 1 1 0 0
41 2 0 0 0 0
42 3 1 0 0 0
45 2 0 0 0 0
46 2 1 1 0 0
49 3 1 0 0 0
52 3 1 0 0 0
fl=./wcsmbs/../sysdeps/x86_64/multiarch/ifunc-wmemset.h
fn=wmemset
36 10 2 0 0 0
37 6 2 2 0 0
fl=./wcsmbs/../sysdeps/x86_64/multiarch/wcpcpy.c
fn=wcpncpy
31 1 0 0 0 0
fl=./wcsmbs/../sysdeps/x86_64/multiarch/wcpncpy.c
fn=wcpncpy
31 1 0 0 0 0
fl=./wcsmbs/../sysdeps/x86_64/multiarch/wcscat.c
fn=wcscat
31 2 0 0 0 0
fn=wcschr
31 2 0 0 0 0
fl=./wcsmbs/../sysdeps/x86_64/multiarch/wcschr.c
fn=wcschr
31 4 0 0 0 0
fl=./wcsmbs/../sysdeps/x86_64/multiarch/wcscmp.c
fn=wcscmp
30 3 0 0 0 0
fl=./wcsmbs/../sysdeps/x86_64/multiarch/wcscpy.c
fn=wcscpy
42 4 1 1 0 0
43 2 0 0 0 0
44 3 1 0 0 0
46 2 0 0 0 0
47 3 1 1 0 0
50 3 1 0 0 0
60 2 0 0 0 0
fl=./wcsmbs/../sysdeps/x86_64/multiarch/wcslen.c
fn=wcslen
29 3 0 0 0 0
fl=./wcsmbs/../sysdeps/x86_64/multiarch/wcsncpy.c
fn=wcsncpy
31 2 0 0 0 0
fl=./wcsmbs/../sysdeps/x86_64/multiarch/wcsnlen.c
fn=wcsnlen
30 3 0 0 0 0
fl=./wcsmbs/../sysdeps/x86_64/multiarch/wmemchr.c
fn=wmemchr
31 4 0 0 0 0
fl=./wcsmbs/../sysdeps/x86_64/multiarch/wmemcmp.c
fn=wmemcmp
29 4 0 0 0 0
fl=./wcsmbs/../sysdeps/x86_64/multiarch/wmemset.c
fn=wmemset
31 4 0 0 0 0
fl=/mnt/c/Users/Sophie/Desktop/High-performance-programming/Lab04_Debug/Task-5/matmul.c
fn=allocate_mem
15 24 0 0 0 0
17 12 0 0 0 0
18 1809 603 7 0 0
19 1809 0 0 0 0
20 18 0 0 0 0
fn=free_mem
23 15 0 0 0 0
25 1818 603 10 0 0
26 1200 0 0 0 0
27 6 0 0 0 0
28 9 0 0 0 0
fn=main
7 240000 80000 0 0 0
9 480000 0 0 0 0
72 10 0 0 0 0
80 6 1 0 0 0
85 4 0 0 0 0
87 602 201 1 0 0
88 160398 40199 210 0 0
89 120000 0 0 0 0
91 3 0 0 0 0
93 602 201 3 0 0
94 160398 40199 210 0 0
95 120000 0 0 0 0
97 3 0 0 0 0
99 812 0 0 0 0
101 5 0 0 0 0
103 5 0 0 0 0
118 3 0 0 0 0
119 3 0 0 0 0
120 3 0 0 0 0
122 1 0 0 0 0
123 10 1 0 0 0
fn=mul_ijk
45 40012 0 0 0 0
47 603 201 3 0 0
48 120000 40000 202 0 0
49 80000 0 0 0 0
50 24000000 8000000 40028 0 0
51 32000200 0 0 0 0
52 40600 0 0 0 0
55 5 0 0 0 0
fn=mul_jik
59 10 0 0 0 0
61 604 201 3 0 0
62 120000 40000 202 0 0
63 40400 0 0 0 0
64 24000000 8000000 40027 0 0
65 32080000 0 0 0 0
66 80000 0 0 0 0
69 4 0 0 0 0
fn=mul_kij
32 19 0 0 0 0
34 802 201 3 0 0
35 120000 40000 202 0 0
36 80000 0 0 0 0
37 6200004 2080000 40029 0 0
38 22202810 40000 4 0 0
41 200007 0 0 0 0
fl=/usr/include/x86_64-linux-gnu/bits/stdio2.h
fn=main
86 8 0 0 0 0
fl=???
fn=(below main)
0 12 0 0 1 1
fn=???
0 162593 11 8 81245 14
summary: 147798710 19184585 129950 81596 184
