Running Sudoku Solver for all input files...
Running simulations with nthreads=12...
Running simulation for board_25x25 (N=25
25)...
Base: 5, Side length: 25
initial sudoku board:
Sudoku Board:
  0   0   5   6   0  19  12   0  18   4   0   0  10   0  14   0   0   3  21  24   7  11   0  15   0
 14   0  10  25  17   8  11  15   0   0   4   0  12   0  19  22   0   0   6  20  13   0   2   0  24
 19   4  12  23  18   2   3   0  24  13   7   0  11  15   0  14   0  10  25  17  16   0  22   6  20
  0   0   0   0   1  22   0   6  20  16  13  24   3  21   2   0   4  12  23   0   0  10  14   0  17
  2  13   0  21  24  14  10  25  17   9  16  20   5   6   0   8   0  11  15   1   4   0  19  23  18
 13   3  24   2   0   9  17  14  15  10   5   0  20  22   0   7  11   1   0   0  12  18   4  19  21
  0  11   1   0   6  16  20  22   0   5   0  25  24   2  13   4  12   0  19   0   0   0   0  14  15
 16   5   0  22   0   4  18   0  21  12  10  15  17   0   0  13   3   0   0   0  11   1   7   8   6
  9   0  17   0  15   7   1   8   6   0  12   0  18  19   4   0   5  20  22  23   3  24  13   2  25
  4  12  18  19   0  13   0   0  25   3   0   6   1   8   7   0   0  17   0  15   5   0   0  22   0
  5  20   0  16  19  12   0   4   0   0  17   8  15   0  10   0  24  25   0  14   0   6  11   7  22
  3   0   0  13  14   0   0   9   8  17  20  19   0  16   0   0   1   6   7  22   0  21  12   4   2
 12  18  21   0   0   0   0  13   0   0   1   0   0   0  11  10   0  15   0   8  20  23   5  16  19
  0   1   0   0  22   0  23   0  19   0  24  14   0   0   0  12   0  21   4   2  17  15   0   0   8
 10  17   0   9   8  11   6   0  22   1  18   0  21   0  12   0  20   0   0   0  24  25   3  13  14
  0   0   2  12   0  24   0   3   9   0   0   0  22  11   1   0   0   8  10   7  23  19  20   5   4
 24  25  14   3   0  17   8   0   7   0  23   4  19   0  20   1   6  22  11  16   0   2   0   0   0
 17  15   0  10   0   0  22   0  16   6  21  13   0  12   0   0   0  19   5   4  25  14   0   0   9
  1   0  22  11  16  20  19   0   4   0  25   9  14   3  24  18  21   2  12  13   0   8   0   0   0
 20  23  19   5   4  18   0   0  13  21  15   7   8  10  17  24  25   0   3   9   6   0   1   0  16
 21   0   0  18   3  25   9  24  10  14  22   0  16   1   6  15   0   0  17  11   0   4  23  20  12
 15   8   7   0  11   0  16   0   5   0   2   3   0  18   0   0  19   4   0  12  14   9  25  24  10
 23   0   4  20  12  21  13  18   0   2   8   0   0  17  15   0  14   9   0  10   0  16   0   1   5
  0  22  16   1   0  23   0  20  12  19  14  10   9   0   0   0   0  13  18   0   0   7  15  17   0
 25  14   9  24   0  15   7  17  11   8   0   0   4   0  23   0   0  16   1   5   2  13  21   0   3
solution:
Sudoku Board:
 22  16   5   6  20  19  12  23  18   4   9  17  10  25  14   2  13   3  21  24   7  11   8  15   1
 14   9  10  25  17   8  11  15   1   7   4  18  12  23  19  22  16   5   6  20  13   3   2  21  24
 19   4  12  23  18   2   3  21  24  13   7   1  11  15   8  14   9  10  25  17  16   5  22   6  20
  8   7  11  15   1  22   5   6  20  16  13  24   3  21   2  19   4  12  23  18   9  10  14  25  17
  2  13   3  21  24  14  10  25  17   9  16  20   5   6  22   8   7  11  15   1   4  12  19  23  18
 13   3  24   2  25   9  17  14  15  10   5  23  20  22  16   7  11   1   8   6  12  18   4  19  21
  7  11   1   8   6  16  20  22  23   5   3  25  24   2  13   4  12  18  19  21  10  17   9  14  15
 16   5  20  22  23   4  18  19  21  12  10  15  17  14   9  13   3  24   2  25  11   1   7   8   6
  9  10  17  14  15   7   1   8   6  11  12  21  18  19   4  16   5  20  22  23   3  24  13   2  25
  4  12  18  19  21  13  24   2  25   3  11   6   1   8   7   9  10  17  14  15   5  20  16  22  23 
  5  20  23  16  19  12  21   4   2  18  17   8  15   9  10   3  24  25  13  14   1   6  11   7  22
  3  24  25  13  14  10  15   9   8  17  20  19  23  16   5  11   1   6   7  22  18  21  12   4   2
 12  18  21   4   2   3  25  13  14  24   1  22   6   7  11  10  17  15   9   8  20  23   5  16  19
 11   1   6   7  22   5  23  16  19  20  24  14  25  13   3  12  18  21   4   2  17  15  10   9   8
 10  17  15   9   8  11   6   7  22   1  18   2  21   4  12   5  20  23  16  19  24  25   3  13  14
 18  21   2  12  13  24  14   3   9  25   6  16  22  11   1  17  15   8  10   7  23  19  20   5   4
 24  25  14   3   9  17   8  10   7  15  23   4  19   5  20   1   6  22  11  16  21   2  18  12  13
 17  15   8  10   7   1  22  11  16   6  21  13   2  12  18  20  23  19   5   4  25  14  24   3   9
  1   6  22  11  16  20  19   5   4  23  25   9  14   3  24  18  21   2  12  13  15   8  17  10   7
 20  23  19   5   4  18   2  12  13  21  15   7   8  10  17  24  25  14   3   9   6  22   1  11  16
 21   2  13  18   3  25   9  24  10  14  22   5  16   1   6  15   8   7  17  11  19   4  23  20  12
 15   8   7  17  11   6  16   1   5  22   2   3  13  18  21  23  19   4  20  12  14   9  25  24  10
 23  19   4  20  12  21  13  18   3   2   8  11   7  17  15  25  14   9  24  10  22  16   6   1   5
  6  22  16   1   5  23   4  20  12  19  14  10   9  24  25  21   2  13  18   3   8   7  15  17  11
 25  14   9  24  10  15   7  17  11   8  19  12   4  20  23   6  22  16   1   5   2  13  21  18   3

real    0m0.016s
user    0m0.067s
sys     0m0.000s
=========================================
Running simulation for board_36x36 (N=36
36)...
Base: 6, Side length: 36
initial sudoku board:
Sudoku Board:
 13   0   2  22   0   0  25  21  11   0   7  15  30  14  19  35   9  32  26  31   0  27   4  18  28  34  17   0  29   1  33   0  23   0   5   0
  0   0  30   0   0   0   6  17  29   0   0   0   0  15   7  16   0  21   0   0   0  22  12   2   5  33  23  10   8   0  27   0  31  26   0  18
  6   0   0   0   0   0  26  31  18  27  36   4   8   3   5  33  10  23   0  21   7  16  15  11  20   0  24  13   0  12  35  14   0   9  19   0
 25  21  11   0   0   0  10  23   8  33   5   3  29   0  28  34   0  17   9   0  19  35  14  30   0  27  31   0  18   0  22  12  24  13   0   0
 26   0   0   0  36   4   9  32   0   0  19   0   2  12   0   0  13  24  10   0   5   0   0   0   7  16  21  25  11   0   0   1   0   6  28   0
 10   0   0   0   5   3  13   0   0  22  20   0  18   4   0  27  26  31   6  17   0  34   0  29  19  35  32   9  30   0  16  15  21  25   7  11
  0  16  25   0   0  19  29   0  10  17   3  28   0   7   0   0   0   0   0  35  14  24  20   0   0  23  27   0  26   0  31  36   0   0  12  13
 11  34   6  21   1   7   8   0  26  23   4   5   0  28   3  17   0   0  30  16  15  32  19  25  12  31  22  18   0  36  24  20  35   2  14   9
  0  35   9  24  14  20  11  34   6  21   1   0  25  19  15   0  30  16  18   0  12   0   0  13   0  17   0  29   0  28  23   5   0   8   4  26
  0  22   0  31  12   0  30  16  25  32  15  19   9   0  14  24   2   0   8  27   4   0   5  26   0   0  34  11   6   0   0  28   0   0   3  10
 29  33  10  17   3  28   0   0  13  31  12   0   0   5   4  23   0  27   0  34   1   0   7   0  14  24  35   2   0  20  32   0  16  30  15   0
  0   0  26  23   4   0   2  35   9   0   0  20  13   0  12  31  18   0  29  33   0  17  28  10   0  32  16   0  25  19  21   7  34   0   0   0
 22  20  24  12  13  18  16   7  21  15   0  30  32   2   9  14  35  19  27  36  26   4   0  31   6   1  28  34   0  11   3   0   5   0  10  23
  0   5  23   0  10  29   0  20  24  12  13   0   0   8  26   4   0  36  34  28   6   1  11   0   9   0  19  35  32   0  15  30   7  16   0   0
  0  28   0   0   0  11  27   0  31   0  26   8   0  29  10   3  33   5  16   7  25  15  30  21  13  12   0  22  24  18  14   2   0  35   9  32
  0   0  32  14   9   2  34  28  17   1   6   0  21   0  25  15  16   0  22   0  13  12  18  24   0   0   0  33  23  29   4   8  36  27  26  31
 27  36  31   0  26   8  35   0   0  14   9   0  24  18  13  12  22  20   0   5  10   3  29  23  25  15   7  16   0  30   1  11  28   0   6  17
  0   7   0   0  25   0   0   0   0   0  10  29  17  11   6   1  34  28  35   0   9  14   2   0  26   4  36   0   0   8   0   0  20  22   0  24
 28  29   3   6  17   0   0  18   0  26   0  27   4  33  23   0   0   0   0  11  21  25  16   1  24   0   0  20  14  22   9   0   0  19  32   0
 36  18  12  26   0  27   0   0  15   9  32  35   0  22  24  13  20   2   5   8  23  10   0   0  21  25  11   7   1   0   0  34  29  28  17   3
  5   8   4  10  23   0  20   0  14   0  24  22  12  27   0  26   0  18  28  29   0   0  34   3   0   9  30   0   0  35  25   0  11   7   0   0
 20   0  14  13  24   0   7   0   0   0  21  16   0  35  32   9  19   0  36   0  31  26   0  12  17   0   0   0   3  34  10  33   0   5  23   4
  7  11   0  25   0  16   5   8   0  10  23  33   0  34  17   6  28   0  19   0  32   0  35   0   0   0   0  36  12  27  13  22   0   0  24  14
  0  30   0   9   0   0  28  29   3   0  17   0   0   0  21  25   7  11   0   2   0   0  22  14   0  10   8   5   4  33   0   0  18  36  31  12
 23   4  27   5   0  10  24  14  35  20   2  13  22  26  18   0  31  12  17   3   0  28   6   0  30  19  15  32  16   9   7   0   0  21  11  34
 24  14  35  20   0  13  21   0  34   7  11  25  16   9  30  19  32   0   0   0  18  36  26  22  29  28   0  17  33   6   5  10   0   0   0   0
  0   0  34   7  11  25  23   4  27   5   8  10   0   6  29  28  17   3  32  15  30   0   9  16  18  36  12  31  22  26  20  13  14  24   2   0
  0  15   0  19  30   9   0   3   0  28  29   0  34   0  11   7  21   0   0   0   0   0  13  35   0   5   4   0  27  10   0   0  12  31  18  22
 31   0   0   0  18   0  32   0   0  19   0   9  35  13   0  20   0  14  23   4   0   0   0  27  11   0   1  21  34  25  28   6   0  17  29   0
 17   3  33  28  29   0  31  12  22   0  18  26   0  10   8   5  23   4  21   1  11   0   0  34   0  20  14  24   0  13  19   9  15  32  30  16
 14   9  19   2  35   0   1   6  28  11   0  21   7   0   0  30   0  25  12  13   0  18  31  20  33   0  10   3   5  17   8  23   0   4   0  36
  3  10   0  29   0  17   0  13   0  18  22   0  36  23  27   8   0   0   1   6  34  11   0  28  35   0   9  14  19  24  30  32   0   0   0   7
  4  26  36   8  27  23  14   9  19   2  35  24  20   0   0   0  12   0   3  10   0   0   0   5   0  30  25  15   0  32   0  21   0   1   0   0
 12  13  20   0  22   0  15  25   7  30   0   0  19   0   0   0   0   9   0  26  27   0  23  36  34   0   6   1  28   0   0  17  10   0  33   5
  1   0  28  11   0   0   4  26  36   8  27  23   5  17   0  29   3  10  15  25   0  30  32   0  22   0   0   0  20   0   2  24   9  14   0  19
 15  25   0   0  16  32   0  10   5   0   0  17  28   0   0  11   0   6  14   9  35   0  24   0  27   8  26   0  36   0   0  31   0  12  22  20
solution:
Sudoku Board:
 13  24   2  22  20  12  25  21  11  16   7  15  30  14  19  35   9  32  26  31  36  27   4  18  28  34  17   6  29   1  33   3  23  10   5   8
  9  32  30  35  19  14   6  17  29  34  28   1  11  15   7  16  25  21  13  24  20  22  12   2   5  33  23  10   8   3  27   4  31  26  36  18
  6  17  29  34  28   1  26  31  18  27  36   4   8   3   5  33  10  23  25  21   7  16  15  11  20  22  24  13   2  12  35  14  32   9  19  30
 25  21  11  16   7  15  10  23   8  33   5   3  29   1  28  34   6  17   9  32  19  35  14  30  36  27  31  26  18   4  22  12  24  13  20   2
 26  31  18  27  36   4   9  32  30  35  19  14   2  12  20  22  13  24  10  23   5  33   3   8   7  16  21  25  11  15  34   1  17   6  28  29
 10  23   8  33   5   3  13  24   2  22  20  12  18   4  36  27  26  31   6  17  28  34   1  29  19  35  32   9  30  14  16  15  21  25   7  11
  8  16  25  32  15  19  29  33  10  17   3  28   6   7   1  21  11  34   2  35  14  24  20   9   4  23  27  30  26   5  31  36  22  18  12  13
 11  34   6  21   1   7   8  27  26  23   4   5  10  28   3  17  29  33  30  16  15  32  19  25  12  31  22  18  13  36  24  20  35   2  14   9
  2  35   9  24  14  20  11  34   6  21   1   7  25  19  15  32  30  16  18  22  12  31  36  13   3  17  33  29  10  28  23   5  27   8   4  26
 18  22  13  31  12  36  30  16  25  32  15  19   9  20  14  24   2  35   8  27   4  23   5  26   1  21  34  11   6   7  17  28  33  29   3  10
 29  33  10  17   3  28  18  22  13  31  12  36  26   5   4  23   8  27  11  34   1  21   7   6  14  24  35   2   9  20  32  19  16  30  15  25
 30  27  26  23   4   5   2  35   9  24  14  20  13  36  12  31  18  22  29  33   3  17  28  10  15  32  16   8  25  19  21   7  34  11   1   6
 22  20  24  12  13  18  16   7  21  15  25  30  32   2   9  14  35  19  27  36  26   4   8  31   6   1  28  34  17  11   3  29   5  33  10  23
 33   5  23   3  10  29  22  20  24  12  13  18  31   8  26   4  27  36  34  28   6   1  11  17   9  14  19  35  32   2  15  30   7  16  25  21
 34  28  17   1   6  11  27  36  31   4  26   8  23  29  10   3  33   5  16   7  25  15  30  21  13  12  20  22  24  18  14   2  19  35   9  32
 35  19  32  14   9   2  34  28  17   1   6  11  21  30  25  15  16   7  22  20  13  12  18  24  10   3   5  33  23  29   4   8  36  27  26  31
 27  36  31   4  26   8  35  19  32  14   9   2  24  18  13  12  22  20  33   5  10   3  29  23  25  15   7  16  21  30   1  11  28  34   6  17
 16   7  21  15  25  30  33   5  23   3  10  29  17  11   6   1  34  28  35  19   9  14   2  32  26   4  36  27  31   8  12  18  20  22  13  24
 28  29   3   6  17  34  36  18  12  26  31  27   4  33  23  10   5   8   7  11  21  25  16   1  24  13   2  20  14  22   9  35  30  19  32  15
 36  18  12  26  31  27  19  30  15   9  32  35  14  22  24  13  20   2   5   8  23  10  33   4  21  25  11   7   1  16   6  34  29  28  17   3
  5   8   4  10  23  33  20   2  14   6  24  22  12  27  31  26  36  18  28  29  17  13  34   3  32   9  30  19  15  35  25  16  11   7  21   1
 20   2  14  13  24  22   7  11   1  25  21  16  15  35  32   9  19  30  36  18  31  26  27  12  17   6  29  28   3  34  10  33   8   5  23   4
  7  11   1  25  21  16   5   8   4  10  23  33   3  34  17   6  28  29  19  30  32   9  35  15  31  26  18  36  12  27  13  22   2  20  24  14
 19  30  15   9  32  35  28  29   3  13  17  34   1  16  21  25   7  11  20   2  24   6  22  14  23  10   8   5   4  33  26  27  18  36  31  12
 23   4  27   5   8  10  24  14  35  20   2  13  22  26  18  36  31  12  17   3  29  28   6  33  30  19  15  32  16   9   7  25   1  21  11  34
 24  14  35  20   2  13  21   1  34   7  11  25  16   9  30  19  32  15  31  12  18  36  26  22  29  28   3  17  33   6   5  10   4  23   8  27
 21   1  34   7  11  25  23   4  27   5   8  10  33   6  29  28  17   3  32  15  30  19   9  16  18  36  12  31  22  26  20  13  14  24   2  35
 32  15  16  19  30   9  17   3  33  28  29   6  34  25  11   7  21   1  24  14   2  20  13  35   8   5   4  23  27  10  36  26  12  31  18  22
 31  12  22  36  18  26  32  15  16  19  30   9  35  13   2  20  24  14  23   4   8   5  10  27  11   7   1  21  34  25  28   6   3  17  29  33
 17   3  33  28  29   6  31  12  22  36  18  26  27  10   8   5  23   4  21   1  11   7  25  34   2  20  14  24  35  13  19   9  15  32  30  16
 14   9  19   2  35  24   1   6  28  11  34  21   7  32  16  30  15  25  12  13  22  18  31  20  33  29  10   3   5  17   8  23  26   4  27  36
  3  10   5  29  33  17  12  13  20  18  22  31  36  23  27   8   4  26   1   6  34  11  21  28  35   2   9  14  19  24  30  32  25  15  16   7
  4  26  36   8  27  23  14   9  19   2  35  24  20  31  22  18  12  13   3  10  33  29  17   5  16  30  25  15   7  32  11  21   6   1  34  28
 12  13  20  18  22  21  15  25   7  30  16  32  19  24  35   2  14   9   4  26  27   8  23  36  34  11   6   1  28  31  29  17  10   3  33   5
  1   6  28  11  34  31   4  26  36   8  27  23   5  17  33  29   3  10  15  25  16  30  32   7  22  18  13  12  20  21   2  24   9  14  35  19
 15  25   7  30  16  32   3  10   5  29  33  17  28  21  34  11   1   6  14   9  35   2  24  19  27   8  26   4  36  23  18  31  13  12  22  20

real    0m2.405s
user    0m2.780s
sys     0m0.000s
=========================================
Running simulation for board_64x64 (N=64
64)...
Base: 8, Side length: 64
initial sudoku board:
Sudoku Board:
 33  15  36  30   0   0  57  61  40   0   0  18  31  64   2  13  19  29  41  55  21  12  20  39   4   7  34   8  23   0  50  63  24   0   0  17   0  10  11   0  52  25   1  49   0  58  22  38   0  60  26  14  16   6   9   5   0   0  46   0  28  27  42  51
 35  18  64   0  40   0  31   2  29  39  41  21  55  20   0  12  48  45  54  11   0  17  24  10   0  46   0  28   3  27  42  51   6  16   5  26  37   9  60  14  15  56  57  30   0  61   0  36  63   4   7  53   0  50   8   0  59   1  49  58  22  52   0  25
 34  53  50   7  63   0   4   0  51  28  44  27  47  42   3  46  58  25  59   0   0   0  38  22  55   0  41  39  19   0  20  29  36  61   0  30   0   0  57  15   0  37  60  26   5  16   9   6   0   0  13  18   2   0  62  35  54  11  17  48   0  43   0   0
  5   0   6  26  37   9  60  16   0   0   0  53   4  50   0   0   0  51  44  47  27  46  42  28   0   0  35  62   2  18   0   0  38   0  59   0  25  22   1  52  43  45  11  17  54  48   0   0  56  57  30   0  61  36   0   0   0  55  12  19  39  21  20  29
  0  52  38  49  25  22   1  58  56  32  33  15  57  36   0  30   2  40   0   0  18  13  64  62  60   0   5   9  16  14   6  37  20   0   0   0  29   0  55  21  27  51  47  46  44   3  28  42  45  11  17  43  48  24   0  54   0   4   7   0   8   0   0  63
 54  43  24  17   0  10  11  48   0   0   5   0  60   6  16   0  23  63  34   4   0   7   0   8   0  30  33  32  61   0  36  56  42   3  44  46  51  28  47   0  21  29   0  12  41  19   0  20  25   1  49  52  58  38  22  59   0  31  13   0  62  18  64  40
 41   0  20  12   0  39   0  19  45  10  54  43   0   0  48  17   0  37   0  60  14  26   6   9   1  49  59   0  58  52  38  25   0  23  34   7  63   8   4  53   0  40  31  13   0   2  62  64  51  47   0  27   0  42   0  44   0  57  30  61  32   0  36   0
  0   0  42  46   0  28  47   3  25   0  59  52   1  38  58  49  61  56  33  57   0   0   0  32   0  17   0  10   0  43  24   0  64   0  35   0  40   0  31   0  53  63   4   7  34  23   8  50  29  55  12  21  19  20  39  41   5  60  26  16   9  14   6  37
  9   6  16   0  60  25  26  59   4   0   8   0   0   0   0  15  35   0  28   0   0  18   3  40  13  14  62  37   5   0   2  31   0  41  22   0   1  29  49  38  24  11  17   0  10  44   0  48  57   0  43   0  54  61   0   0  39  12  53   0  63   0  19  55
 10  24  48   0  11  51  17  44  60   0   9   0  26  16   0  52  33   4   8   7  50   0  23  56  30  43  32   0  54  36  61   0   3   0  28  18  47  40  46  42   0  55  12  53  39  34  63  19   1  49  21  38  41  58   0   0  62  13  14   5  37  64   2  31
  8   0  23  15   4  56   7   0  47   0  28  42  46   3  35  18  41   0  22  49  38  21  58  29  12   0   0  63  34  20  19  55   0   0  32  43  57  45  30  36   6  60  26  52   9   0  25  16   0   0   0  64   0   2  37   0   0   0  27  44   0  24   0  11
 28  42   3  18  47  40   0  35   1  29   0  38   0  58  41   0  54   0  32  30  36  43   0   0  17   0  10  51  44  24  48   0   2   5  62  14   0  37  13   0  50   0   7   0   8  33  56   0  55   0   0  20  34  19   0  39   9   0  52  59  25   6  16   0
 22  38   0  21   1   0   0  41  57  45   0  36  30   0  54  43   5   0  62  13  64  14   2  37  26  52   9   0  59   0  16  60  19  34  39   0  55  63  12  20   0   0  46  18  28  35  40   0  11  17  27  24  44  48  51  10   8   7  15   0  56  50  23   4
 32  36  61   0  57  45  30  54  31  37  62  64  13   2   5   0  34  55  39  12  20  53  19  63   0  15   8  56  33  50   0   4   0  44  10  27  11  51  17  24  38   0  49  21  22  41   0   0  60  26   0   6   0  16   0   9  28   0  18  35  40  42   0  47
 62   0   2  14  31   0  13   5   0   0  39   0  12  19  34  53  44  11  10  17   0  27  48  51   0  18  28  40   0  42   0  47  16  59   9  52  60   0  26   6   0  57  30  43  32  54  45  61   0   7  15  50  33   0   0   8  22  49   0  41  29  38   0   1
 39  20  19  53  55  63   0  34  11  51  10  24  17   0   0  27   0  60   0  26   6  52   0  25  49  21  22  29  41  38  58   1  23  33   8  15   4  56   7  50  64  31  13  14  62   5  37   2  47   0  18  42   0   3  40  28  32  30  43   0  45  36   0  57
 43  45  11  10  61   0  54  17   2   6   0  37   5   0  26   9   7  19  53  34  63   0   4  50  33  32  15  36  30  56   0  23  47  46  27  28   0  42  44  51  29  58  41  39  21  12  20  55  16  59  22   0  49   1  38  52  18  35  62  13   0   0  31   3
 21   0  55  39  58  20  41   0   0  24  43  45  54  11  17  10   0   0  14   0  37   9  60   6  59   0  52  38   0  25   1  16   4   7   0   8  19  50   0  63   0   3  35  62   0  13  64  31  48  44  28  51  46  47  42   0  15  33  32  30  36  56  57  23
 18  40  31  62   0  64  35   0  58  20  21  29  41  55  12  39  17  61  43  54  45  10  11  24  44  28   0  42   0  51   0  48   0  26  14   9   2   6   5  37  56  23  33  32  15  30  36  57  19  34   8  63   7   4  50  53  52  59  22   0  38  25   0   0
  0  56  57   0  23  36   0  30   0  64   0   0  35  31  13  62   0   0  21  41  29  39  55  20  34   8  53   0   7  63   4  19  11  17   0  10  61  24   0  45  25   0   0  22  52  49  38   1   2   5   9  37  26   0   6  14  27  44  28   0  42  51  47   0
 14   0  60   0   2   6   0  26  19  50  53  63  34   4   7   0  46  48  27  44  51   0  47  42   0  62  18  64  13  40  31   3   1   0   0  22  16  38   0  25   0   0  54  10   0  17  24   0  23   0  32  56   0  57   0  15  21  41  39  12  20  29  55  58
  0   0  47   0  48  42  44   0   0  38   0  25  59   1  49  22  30  23  15   0  56  32  57   0  54  10  43  24  17  45   0  61  31  13  18  62   3  64  35  40  63  19  34   8   0   7  50   0  58  41  39   0  12  55  20   0  14   5   0   0   6  37  60   2
 52  25   1  22  16  38   0   0  23  36  15  56   0  57  30   0  13   3   0  35  40   0  31  64   5   9  14   6  26  37  60   2   0  12  21  39  58   0  41  29  51  48  44  28   0  46  42  47  61  54  10  45  17   0  24  43  53   0   0   7  50  63   4  19
 53  63   4   0  19  50   0   7  48  42  27   0  44  47   0  28   0  16  52  59   0   0   1  38  41  39  21  20   0  29  55  58  57   0  15   0  23  36   0  56  37   0   5   0   0  26   6   0   3  35  62  40  13   0  64  18   0  54   0   0   0  45  11  61
 51  48   0  42  17   0  27   0   0   1  25  16  52  59  22  38  32   7  56  15  23  36  33  57  43   0  45  11  10  61  54  30  35  62  40  64  46  31  18   3   0  12  53  50   0   0   4   0   0  21   0  58  39  41  55   0   0  14   6   9  60   2   5  13
  0  23  33  36   7  57  15  32  46  31  40   3   0  35  62  64  39  49  29  21  58   0  41  55  53  50  63   4   8  19   0  12   0  10  45   0  30  11  43   0  16  26  52   0  25  22   1  59  13  14   0   2   9   5  60   0  51  27  42  28  47  48  44  17
 40   3   0  64  46  31  18  62  49  55  29  58   0   0  39   0  10  30  45   0  61   0  54  11  27  42  51  47  28  48  44  17   0   9  37   0  13  60   0   2   0   7   0  36  56  32  57  33  12  53  50  19   0  34   4  63  25  52  38   0   1  16   0  26
 45  61  54  24  30   0  43  10  13   0  37   0   0   5   9   6   8  12  63  53  19  50   0   4   0   0  56  57  32  23  33   7  44   0  51  42   0  47   0  48  58  49   0  20  29  39   0  41   0  52   0  16  22  59   1  25  40  18  64  62   0   3  35  46
  0  19  34  50  12   4   0   8  17   0  51  48  27  44  28  42   0  26   0  52  16  38  59   0  21  20  29   0   0  58  41  49  33  32   0  36   7  57  15  23   2   0   0   6   0   9  60   0  46   0  64   0   0   0  31  40   0   0   0  10  11  61  54  30
 29   0  41  20  49  55  21  39   0  11   0   0  43  54   0   0   9   0  37  14   2   6   0  60  52   0  25   1  22  16   0  26  34   8  63  50  12   4   0  19   0   0  18  64  40  62  31   0  17  27  42  48  28   0  47  51  56   0  36  32   0  23  33   0
  0  16   0  38  26   1  52  22   7   0  56  23  15  33   0  36  62   0  40   0   3  64  35  31   0   6   0  60   9   2   5  13   0  39  29  20   0  55  21  58  48  17   0  42  51   0  47  44  30   0   0  61  10  54  11   0   0  53   0   8   0   0  34   0
  0   2   5   6  13   0  14   9  12   4  63   0   0  34   8  50  28   0  51  27  48  42  44  47  18  64   0  31  62   3   0  46  59  22  25  38  26   1  52  16  61   0  43  24  45  10  11  54   7  15  36  23   0  33  57  56  29  21  20  39  55   0   0   0
 36   0  30  45  33  61   0  43  35   2  64  31  62  13  14  37   0   0   0  39   0   0  12   0   8  56  50  23  15   0   7   0  17  27  24  51  54   0  10   0   1  59  22  29  38  21  58  49   0   9  25  60  52  26  16   6  42   0  40  18   3   0   0  44
 38   1   0  29  59  58  22  21  33  61   0  57  32  30  43   0   0  35   0   0  31  37  13   2   9  25   6   0   0   0  26   5  12   0  20  63  41   0  39  55  47  44   0   0  42  18   3   0   0   0  51  11  27  17  48  24  50   8   0  15  23   4   0  34
 42  47   0  40  44   3  28   0  59  58  38   1   0   0  21  29   0   0  36  32  57  45  30  61  10  51  24  48   0  11   0  54   0   0   0   0   0   2  62   0   0   0   8  56  50  15   0   7  41  39  63  55  53   0   0  20   6   9  25  52  16  60   0   5
 50   0   7   0   0   0   0   0   0   3  42  47   0  46  18  40  21  59  38  22   1  29  49  58  39  63  20  19  53   0  12  41  30  43   0  45  33  61  32  57  60   5   9   0   6  52   0   0  35  62  37   0   0  13   0   0   0  10  51  27  48  11  17  54
 64   0   0  37  35   0  62  14  41  19  20   0   0  12  53  63   0  54  24  10  11  51  17  48   0   0   0   0  18  47  46  44  26  52   6  25   0   0   9  60  57  33   0  45  36  43  61   0  34   8  56   4  15   7  23   0   0   0  29   0  58   0  49   0
  6  60  26  25   5   0   9  52  34  23  50   4   0   7  15   0  18  44  42   0  47   0  46   3  62  37  64   2  14  31  13  35   0   0  38   0   0  58  22   1  11  54  10  51  24  27   0  17   0  32  45  57  43  30  61  36  20   0  63  53  19   0  12   0
 24   0  17  51  54  48  10  27   0  16   6  60   9  26  52  25  15  34  50   8   4  56   7  23  32  45  36   0  43  57   0  33  46  18  42  40  44   0   0   0  55   0  39   0   0  53  19  12   0  22  29   1  21  49  58  38  64  62  37  14   2  31   0  35
 20  55  12   0  41  19  39  53   0  48  24  11   0   0   0  51  52   0   6   9   0  25  26  16  22   0  38  58  21   0  49  59   0  15  50  56  34  23   8   4   0  35  62   0   0  14   2  13   0  28  40  47  18   0   3  42  36  32  45   0   0   0  30  33
  7   0   0  33  50   0  23  57  42  18  46  28   0  40   0  35  55  38  49  58  22  41   0  21  19  34  12   0   0  39  63   0  45  11  30   0  36  43  61  32   9   6   0  59  26   1   0  25   0   2   0  62  60  37  14  13  17  48  44  47   0  10   0  24
 13  62  37   5   0  14   2   0   0  53  12  39   0   0   4  34  47  24  17   0  10   0  51  27   0   0  46  18  31  28  40  42  25   1  26  59   6  52   0   9  32   0  61  54  30  11  43  45  50   0  33   8  57  56  15   7  49  58  41  55  21  22  29  38
  0  32  45  54  36  43   0  11  64  14   0  62   2  37  60   5   4  20   0   0  39  34  63  53  23   0   7  15  57   8  56   0  51   0  17   0  24  27   0   0  22  38  58   0  49   0  21  29   6  16   0   9   1  25  52  26  46   3  35   0  18  28  40   0
 46  28  40  35  42  18   3  31  38  21  49  22  58  29   0  41   0  36  30   0  32  54  45   0   0   0  17  27  47  10  51  24  37   0  13   5   0  14   0   0   8   0  23   0   0  57  15   0  20  19  34  39   4   0  53  12  26   0  59   1  52   9  25   6
  0   9  25  59   0  52  16   1  50  15   7   8   0  56  57   0  31   0  46   0  28   0  40  18   2   5  13  14   0  62  37  64  29  55  49  41   0   0   0  22  10  24   0  44   0   0   0   0  36  61  54   0  11  45  43  30  12  19   0   0  53  39  63   0
  0   0  29  41  38  21   0  55   0  43  30  32   0   0  11   0  60   0   0   2  62   5  37  14   0  59  26  52   1   0  25   6  63   4  12  34  20  53  19  39   0  42   3  35  46  31   0  40  24  48   0  10   0  51   0  17   0  23  33   0  15   8  56  50
 17  10  51  44   0   0   0  47   6   0  26   9   0  25   1   0  57  50   7  23   8   0   0   0  61  54  30  43  11  32   0  36   0  31  46  35  42  18   0   0   0  20  19  34   0   0   0  63  38  58  41  22  55  29  21  49  13   2   5  60  14   0  37  64
 12  39  63  34  20  53   0   4  24   0   0  10  48  51  47  44   1   6   0  16   9  59  25  52  58  41   0  21  55  22  29  38  56  57   7  33  50  15   0   8   0   0   2   5  13  60  14  37   0   0   0  28   0  40  18   0  30  61  54  11   0   0   0   0
 47  44  28   3   0  46  42   0   0   0   1  59   0   0  29  58  45  15  57  36  33  61  32   0  24  48  11   0  51  54  10   0  62   0  31   0  18   0   0   0   0   0  50  23   4  56   7   8  21  20  19   0  63  39  12  55  60   6  16  25   0   5   9  14
  1  59   0  58  52  49   0  29  15  30  57  33  36  32  45  61  37  18   0  64   0   2   0   0   6   0  60  26   0   5   0   0  39  63  55   0   0   0  20  41   0  27   0   3  47   0  46  28   0  24  48  54  51  10  17   0   4  50   0  56   0  34   8  53
  4  34   8   0  53   7  50  56   0  46  47   0  42  28   0   3  29  52   1   0  59  58  22  49  20  19   0  12   0  41  39  21   0   0  57  61  15  30  36  33   5   0   6   0  60   0  26   9  18  64   0   0  37  62  13  31  11   0  48  51  17  54  10  43
  0  41   0   0   0  12   0  63  43  17  11  54  24  10  51   0  25  14   0   6   5   0   0   0  38  58   1  49   0   0   0   0   0  56   4  23   0   0  50  34  35  18   0   2  31  37  13   0  27  42   0  44   0  28  46  47  57  36  61  45  30  33  32   0
  0  35  62   2   0  13   0   0   0  12  55  41   0  39   0   0   0  43  11  24  54  48  10  17  42   3  47   0  40  44  28  27   0  25  60  16  14   0   6   5   0  15  36  61  57  45  30  32  53  50  23   0   0   0   7   4   1   0  58  29  49  59  22  52
 11  54   0  48  43   0  24   0  14  26  60   5   6   9  25  16  56  53   4  50  34   0   8   7  36   0  57  30  45  33  32  15   0  40  47   3  27  46  42  44  41  21  20   0  55   0  12  39   0   0  58  59  29  22  49   1  31   0   2  37  13  35   0   0
  0   0   0  16   0  26   6  25  53   0   4  34  50   8  56  23  40  27  47  42   0   0  28  46  64   2   0  13  37  35  62  18   0  29   1  58  52   0  38   0  54   0  24  48  11  51  17   0  15   0  61  33   0  32   0  57  55  20  19  63  12  41   0  21
 57   0  32  61  15  30  36   0  18  13  31  35  64  62  37   2   0  21   0   0   0  19  39  12  50   0   4   7  56  34   8  53  10   0   0  48  43  17   0  54   0  52  38  58   1  29  49  22  14   6  16   5  25   9  26   0   0  42   3  40  46  44  28  27
  0   0  18  31   0  35   0  64  22  41  58  49  29   0  20   0  24  32  61  45  30  11  43   0  51   0  48  44  42   0  27  10  14   6   2  60  62   5  37  13   7   8  56   0   0  36  33  15  39  63   0  12   0  53  34  19  16  25   0  38  59  26  52   9
  0  12  53   4   0  34  63  50  10   0  48   0  51  27  42   0  38   9  16  25   0   1   0  59  29   0   0  41  20  49  21  22  15   0  23  57   0  33  56   7  13  62   0  60   2   6   5  14  28   0  31  46  64  18   0   0  61  45  11   0  54   0   0   0
 58  49  21   0  22  41  29  20   0  54   0  30  45  43  24   0   6  62   2  37  13   0  14   5  25   0  16  59   0  26  52   9  53  50  19   4  39   0  63  12  46   0  40  31   3  64   0  18  10  51  47  17  42  27  44  48   0  56  57  36  33   7  15   0
  0   0  14   0  62   0  37   6  39  34  19   0  63  53  50   4  42  10   0   0  17  47  27  44  40  31   3  35  64  46   0  28  52   0  16   1   0  59  25  26  30  32  45  11   0   0   0  43   0  56   0   7   0   0  33  23  58  29  55  20  41  49  21  22
 48  17  27  47  10  44  51  42   9   0   0  26  25   0   0   1  36   8  23  56   7  57  15  33  45   0  61  54  24  30   0  32  18  64   3   0  28  35  40  46   0   0  63   4  19  50  34  53   0   0   0  49  20  21  41   0   2  37  60   6   0   0  14   0
 23   7  15  57   0  33  56  36  28   0   3  46   0  18  64  31  20  22  58  29  49  55   0  41  63   4  19  34  50  12  53  39   0  24  61  11  32  54  45  30   0   9   0   1   0  38  59   0   0  37  60  13   6  14   0   0  48  51   0  42  44   0  27  10
 16  26   0   1   9  59  25  38   0  33  23   0  56  15  36  57  64  28   3  40  46  31  18   0   0  60   2   5   6   0  14  62  21   0  58   0  22   0  29  49  17  10  51  47   0   0  44  27  32  45  11   0  24   0   0  61  19  63   4   0  34   0  53   0
  0  30  43  11  32   0   0   0   0   5   0  13  37  14   6  60  50  39  19  63  12   0  53  34   0  57  23  33  36   0  15   8  27  42  48  47  10   0  51  17  49  22  29  55  58  20   0  21   9  25   1  26  38  52  59  16   0   0  31  64  35  46   0  28
solution:
Sudoku Board:
 33  15  36  30  56  32  57  61  40  62  35  18  31  64   2  13  19  29  41  55  21  12  20  39   4   7  34   8  23  53  50  63  24  48  54  17  45  10  11  43  52  25   1  49  59  58  22  38  37  60  26  14  16   6   9   5  44  47  46   3  28  27  42  51
 35  18  64  13  40  62  31   2  29  39  41  21  55  20  19  12  48  45  54  11  43  17  24  10  47  46  44  28   3  27  42  51   6  16   5  26  37   9  60  14  15  56  57  30  33  61  32  36  63   4   7  53  23  50   8  34  59   1  49  58  22  52  38  25
 34  53  50   7  63   8   4  23  51  28  44  27  47  42   3  46  58  25  59   1  52  49  38  22  55  12  41  39  19  21  20  29  36  61  33  30  56  32  57  15  14  37  60  26   5  16   9   6  40  31  13  18   2  64  62  35  54  11  17  48  10  43  24  45
  5  14   6  26  37   9  60  16  63   8  34  53   4  50  23   7   3  51  44  47  27  46  42  28  31  13  35  62   2  18  64  40  38  58  59  49  25  22   1  52  43  45  11  17  54  48  10  24  56  57  30  15  61  36  32  33  41  55  12  19  39  21  20  29
 59  52  38  49  25  22   1  58  56  32  33  15  57  36  61  30   2  40  35  31  18  13  64  62  60  26   5   9  16  14   6  37  20  19  41  12  29  39  55  21  27  51  47  46  44   3  28  42  45  11  17  43  48  24  10  54  34   4   7  23   8  53  50  63
 54  43  24  17  45  10  11  48  37   9   5  14  60   6  16  26  23  63  34   4  53   7  50   8  57  30  33  32  61  15  36  56  42   3  44  46  51  28  47  27  21  29  55  12  41  19  39  20  25   1  49  52  58  38  22  59  35  31  13   2  62  18  64  40
 41  21  20  12  29  39  55  19  45  10  54  43  11  24  48  17  16  37   5  60  14  26   6   9   1  49  59  22  58  52  38  25  50  23  34   7  63   8   4  53  18  40  31  13  35   2  62  64  51  47  46  27   3  42  28  44  33  57  30  61  32  15  36  56
 44  27  42  46  51  28  47   3  25  22  59  52   1  38  58  49  61  56  33  57  15  30  36  32  11  17  54  10  48  43  24  45  64   2  35  13  40  62  31  18  53  63   4   7  34  23   8  50  29  55  12  21  19  20  39  41   5  60  26  16   9  14   6  37
  9   6  16  52  60  25  26  59   4  56   8  50   7  23  33  15  35  47  28  46  42  18   3  40  13  14  62  37   5  64   2  31  58  41  22  21   1  29  49  38  24  11  17  27  10  44  51  48  57  30  43  36  54  61  45  32  39  12  53  34  63  20  19  55
 10  24  48  27  11  51  17  44  60  25   9   6  26  16  59  52  33   4   8   7  50  15  23  56  30  43  32  45  54  36  61  57   3  35  28  18  47  40  46  42  20  55  12  53  39  34  63  19   1  49  21  38  41  58  29  22  62  13  14   5  37  64   2  31
  8  50  23  15   4  56   7  33  47  40  28  42  46   3  35  18  41   1  22  49  38  21  58  29  12  53  39  63  34  20  19  55  61  54  32  43  57  45  30  36   6  60  26  52   9  59  25  16  31  13  14  64   5   2  37  62  10  17  27  44  51  24  48  11
 28  42   3  18  47  40  12  35   1  29  22  38  49  58  41  21  54  57  32  30  36  43  61  45  17  27  10  51  44  24  48  11   2   5  62  14  31  37  13  64  50   4   7  15   8  33  56  23  55  46  53  20  34  19  63  39   9  26  52  59  25   6  16  60
 22  38  58  21   1  29  49  41  57  45  32  36  30  61  54  43   5  31  62  13  64  14   2  37  26  52   9  25  59   6  16  60  19  34  39  53  55  63  12  20  42  47  46  18  28  35  40   3  11  17  27  24  44  48  51  10   8   7  15  33  56  50  23   4
 32  36  61  43  57  45  30  54  31  37  62  64  13   2   5  14  34  55  39  12  20  53  19  63   7  15   8  56  33  50  23   4  48  44  10  27  11  51  17  24  38   1  49  21  22  41  29  58  60  26  52   6  59  16  25   9  28  46  18  35  40  42   3  47
 62  64   2  14  31  37  13   5  55  63  39  20  12  19  34  53  44  11  10  17  24  27  48  51  46  18  28  40  35  42   3  47  16  59   9  52  60  25  26   6  36  57  30  43  32  54  45  61   4   7  15  50  33  23  56   8  22  49  21  41  29  38  58   1
 39  20  19  53  55  63  46  34  11  51  10  24  17  48  44  27  59  60   9  26   6  52  16  25  49  21  22  29  41  38  58   1  23  33   8  15   4  56   7  50  64  31  13  14  62   5  37   2  47  12  18  42  35   3  40  28  32  30  43  54  45  36  61  57
 43  45  11  10  61  24  54  17   2   6  14  37   5  60  26   9   7  19  53  34  63   8   4  50  33  32  15  36  30  56  57  23  47  46  27  28  48  42  44  51  29  58  41  39  21  12  20  55  16  59  22  25  49   1  38  52  18  35  62  13  64  40  31   3
 21  29  55  39  58  20  41  12  61  24  43  45  54  11  17  10  26   2  14   5  37   9  60   6  59  22  52  38  49  25   1  16   4   7  53   8  19  50  34  63  40   3  35  62  18  13  64  31  48  44  28  51  46  47  42  27  15  33  32  30  36  56  57  23
 18  40  31  62   3  64  35  13  58  20  21  29  41  55  12  39  17  61  43  54  45  10  11  24  44  28  27  42  46  51  47  48  60  26  14   9   2   6   5  37  56  23  33  32  15  30  36  57  19  34   8  63   7   4  50  53  52  59  22  49  38  25   1  16
 15  56  57  32  23  36  33  30   3  64  18  40  35  31  13  62  12  58  21  41  29  39  55  20  34   8  53  50   7  63   4  19  11  17  43  10  61  24  54  45  25  16  59  22  52  49  38   1   2   5   9  37  26  60   6  14  27  44  28  46  42  51  47  48
 14  37  60   9   2   6   5  26  19  50  53  63  34   4   7   8  46  48  27  44  51  28  47  42  35  62  18  64  13  40  31   3   1  49  52  22  16  38  59  25  45  61  54  10  43  17  24  11  23  33  32  56  30  57  36  15  21  41  39  12  20  29  55  58
 27  51  47  28  48  42  44  46  16  38  52  25  59   1  49  22  30  23  15  33  56  32  57  36  54  10  43  24  17  45  11  61  31  13  18  62   3  64  35  40  63  19  34   8  53   7  50   4  58  41  39  29  12  55  20  21  14   5   9  26   6  37  60   2
 52  25   1  22  16  38  59  49  23  36  15  56  33  57  30  32  13   3  18  35  40  62  31  64   5   9  14   6  26  37  60   2  55  12  21  39  58  20  41  29  51  48  44  28  27  46  42  47  61  54  10  45  17  11  24  43  53  34   8   7  50  63   4  19
 53  63   4   8  19  50  34   7  48  42  27  51  44  47  46  28  49  16  52  59  25  22   1  38  41  39  21  20  12  29  55  58  57  30  15  32  23  36  33  56  37   2   5   9  14  26   6  60   3  35  62  40  13  31  64  18  43  54  10  17  24  45  11  61
 51  48  44  42  17  47  27  28  26   1  25  16  52  59  22  38  32   7  56  15  23  36  33  57  43  24  45  11  10  61  54  30  35  62  40  64  46  31  18   3  19  12  53  50  63   8   4  34  49  21  20  58  39  41  55  29  37  14   6   9  60   2   5  13
 56  23  33  36   7  57  15  32  46  31  40   3  18  35  62  64  39  49  29  21  58  20  41  55  53  50  63   4   8  19  34  12  54  10  45  24  30  11  43  61  16  26  52  38  25  22   1  59  13  14   6   2   9   5  60  37  51  27  42  28  47  48  44  17
 40   3  35  64  46  31  18  62  49  55  29  58  21  41  39  20  10  30  45  43  61  24  54  11  27  42  51  47  28  48  44  17   5   9  37   6  13  60  14   2  23   7  15  36  56  32  57  33  12  53  50  19   8  34   4  63  25  52  38  22   1  16  59  26
 45  61  54  24  30  11  43  10  13  60  37   2  14   5   9   6   8  12  63  53  19  50  34   4  15  36  56  57  32  23  33   7  44  28  51  42  17  47  27  48  58  49  21  20  29  39  55  41  26  52  38  16  22  59   1  25  40  18  64  62  31   3  35  46
 63  19  34  50  12   4  53   8  17  47  51  48  27  44  28  42  22  26  25  52  16  38  59   1  21  20  29  55  39  58  41  49  33  32  56  36   7  57  15  23   2  13  14   6  37   9  60   5  46  18  64   3  62  35  31  40  45  43  24  10  11  61  54  30
 29  58  41  20  49  55  21  39  30  11  45  61  43  54  10  24   9  13  37  14   2   6   5  60  52  38  25   1  22  16  59  26  34   8  63  50  12   4  53  19   3  46  18  64  40  62  31  35  17  27  42  48  28  44  47  51  56  15  36  32  57  23  33   7
 25  16  59  38  26   1  52  22   7  57  56  23  15  33  32  36  62  46  40  18   3  64  35  31  14   6  37  60   9   2   5  13  41  39  29  20  49  55  21  58  48  17  27  42  51  28  47  44  30  43  24  61  10  54  11  45  63  53  50   8   4  19  34  12
 37   2   5   6  13  60  14   9  12   4  63  19  53  34   8  50  28  17  51  27  48  42  44  47  18  64  40  31  62   3  35  46  59  22  25  38  26   1  52  16  61  30  43  24  45  10  11  54   7  15  36  23  32  33  57  56  29  21  20  39  55  58  41  49
 36  57  30  45  33  61  32  43  35   2  64  31  62  13  14  37  53  41  20  39  55  63  12  19   8  56  50  23  15   4   7  34  17  27  24  51  54  48  10  11   1  59  22  29  38  21  58  49   5   9  25  60  52  26  16   6  42  28  40  18   3  47  46  44
 38   1  49  29  59  58  22  21  33  61  36  57  32  30  43  45  14  35  64  62  31  37  13   2   9  25   6  16  52  60  26   5  12  53  20  63  41  19  39  55  47  44  28  40  42  18   3  46  54  10  51  11  27  17  48  24  50   8  56  15  23   4   7  34
 42  47  46  40  44   3  28  18  59  58  38   1  22  49  21  29  43  33  36  32  57  45  30  61  10  51  24  48  27  11  17  54  13  14  64  37  35   2  62  31   4  34   8  56  50  15  23   7  41  39  63  55  53  12  19  20   6   9  25  52  16  60  26   5
 50   4   7  56  34  23   8  15  44   3  42  47  28  46  18  40  21  59  38  22   1  29  49  58  39  63  20  19  53  55  12  41  30  43  36  45  33  61  32  57  60   5   9  25   6  52  16  26  35  62  37  31  14  13   2  64  24  10  51  27  48  11  17  54
 64  31  13  37  35   2  62  14  41  19  20  55  39  12  53  63  27  54  24  10  11  51  17  48  28  40  42   3  18  47  46  44  26  52   6  25   5  16   9  60  57  33  32  45  36  43  61  30  34   8  56   4  15   7  23  50  38  22  29  21  58   1  49  59
  6  60  26  25   5  16   9  52  34  23  50   4   8   7  15  56  18  44  42  28  47  40  46   3  62  37  64   2  14  31  13  35  49  21  38  29  59  58  22   1  11  54  10  51  24  27  48  17  33  32  45  57  43  30  61  36  20  39  63  53  19  55  12  41
 24  11  17  51  54  48  10  27   5  16   6  60   9  26  52  25  15  34  50   8   4  56   7  23  32  45  36  61  43  57  30  33  46  18  42  40  44   3  28  47  55  41  39  63  20  53  19  12  59  22  29   1  21  49  58  38  64  62  37  14   2  31  13  35
 20  55  12  63  41  19  39  53  54  48  24  11  10  17  27  51  52   5   6   9  60  25  26  16  22  29  38  58  21   1  49  59   7  15  50  56  34  23   8   4  31  35  62  37  64  14   2  13  44  28  40  47  18  46   3  42  36  32  45  43  61  57  30  33
  7   8  56  33  50  15  23  57  42  18  46  28   3  40  31  35  55  38  49  58  22  41  29  21  19  34  12  53   4  39  63  20  45  11  30  54  36  43  61  32   9   6  16  59  26   1  52  25  64   2   5  62  60  37  14  13  17  48  44  47  27  10  51  24
 13  62  37   5  64  14   2  60  20  53  12  39  19  63   4  34  47  24  17  48  10  44  51  27   3  35  46  18  31  28  40  42  25   1  26  59   6  52  16   9  32  36  61  54  30  11  43  45  50  23  33   8  57  56  15   7  49  58  41  55  21  22  29  38
 30  32  45  54  36  43  61  11  64  14  13  62   2  37  60   5   4  20  12  19  39  34  63  53  23  33   7  15  57   8  56  50  51  47  17  44  24  27  48  10  22  38  58  41  49  55  21  29   6  16  59   9   1  25  52  26  46   3  35  31  18  28  40  42
 46  28  40  35  42  18   3  31  38  21  49  22  58  29  55  41  11  36  30  61  32  54  45  43  48  44  17  27  47  10  51  24  37  60  13   5  64  14   2  62   8  50  23  33   7  57  15  56  20  19  34  39   4  63  53  12  26  16  59   1  52   9  25   6
 26   9  25  59   6  52  16   1  50  15   7   8  23  56  57  33  31  42  46   3  28  35  40  18   2   5  13  14  60  62  37  64  29  55  49  41  38  21  58  22  10  24  48  44  17  47  27  51  36  61  54  32  11  45  43  30  12  19  34   4  53  39  63  20
 49  22  29  41  38  21  58  55  36  43  30  32  61  45  11  54  60  64  13   2  62   5  37  14  16  59  26  52   1   9  25   6  63   4  12  34  20  53  19  39  28  42   3  35  46  31  18  40  24  48  44  10  47  51  27  17   7  23  33  57  15   8  56  50
 17  10  51  44  24  27  48  47   6  52  26   9  16  25   1  59  57  50   7  23   8  33  56  15  61  54  30  43  11  32  45  36  40  31  46  35  42  18   3  28  39  20  19  34  12   4  53  63  38  58  41  22  55  29  21  49  13   2   5  60  14  62  37  64
 12  39  63  34  20  53  19   4  24  27  17  10  48  51  47  44   1   6  26  16   9  59  25  52  58  41  49  21  55  22  29  38  56  57   7  33  50  15  23   8  62  64   2   5  13  60  14  37  42   3  35  28  31  40  18  46  30  61  54  11  43  32  45  36
 47  44  28   3  27  46  42  40  52  49   1  59  38  22  29  58  45  15  57  36  33  61  32  30  24  48  11  17  51  54  10  43  62  37  31   2  18  13  64  35  34  53  50  23   4  56   7   8  21  20  19  41  63  39  12  55  60   6  16  25  26   5   9  14
  1  59  22  58  52  49  38  29  15  30  57  33  36  32  45  61  37  18  31  64  35   2  62  13   6  16  60  26  25   5   9  14  39  63  55  19  21  12  20  41  44  27  42   3  47  40  46  28  43  24  48  54  51  10  17  11   4  50  23  56   7  34   8  53
  4  34   8  23  53   7  50  56  27  46  47  44  42  28  40   3  29  52   1  38  59  58  22  49  20  19  55  12  63  41  39  21  32  45  57  61  15  30  36  33   5  14   6  16  60  25  26   9  18  64   2  35  37  62  13  31  11  24  48  51  17  54  10  43
 55  41  39  19  21  12  20  63  43  17  11  54  24  10  51  48  25  14  60   6   5  16   9  26  38  58   1  49  29  59  22  52   8  56   4  23  53   7  50  34  35  18  64   2  31  37  13  62  27  42   3  44  40  28  46  47  57  36  61  45  30  33  32  15
 31  35  62   2  18  13  64  37  21  12  55  41  20  39  63  19  51  43  11  24  54  48  10  17  42   3  47  46  40  44  28  27   9  25  60  16  14  26   6   5  33  15  36  61  57  45  30  32  53  50  23  34  56   8   7   4   1  38  58  29  49  59  22  52
 11  54  10  48  43  17  24  51  14  26  60   5   6   9  25  16  56  53   4  50  34  23   8   7  36  61  57  30  45  33  32  15  28  40  47   3  27  46  42  44  41  21  20  19  55  63  12  39  52  38  58  59  29  22  49   1  31  64   2  37  13  35  62  18
 60   5   9  16  14  26   6  25  53   7   4  34  50   8  56  23  40  27  47  42  44   3  28  46  64   2  31  13  37  35  62  18  22  29   1  58  52  49  38  59  54  43  24  48  11  51  17  10  15  36  61  33  45  32  30  57  55  20  19  63  12  41  39  21
 57  33  32  61  15  30  36  45  18  13  31  35  64  62  37   2  63  21  55  20  41  19  39  12  50  23   4   7  56  34   8  53  10  51  11  48  43  17  24  54  59  52  38  58   1  29  49  22  14   6  16   5  25   9  26  60  47  42   3  40  46  44  28  27
  3  46  18  31  28  35  40  64  22  41  58  49  29  21  20  47  24  32  61  45  30  11  43  54  51  55  48  44  42  17  27  10  14   6   2  60  62   5  37  13   7   8  56  57  23  36  33  15  39  63   4  12  50  53  34  19  16  25   1  38  59  26  52   9
 19  12  53   4  39  34  63  50  10  44  48  17  51  27  42  55  38   9  16  25  26   1  52  59  29  47  58  41  20  49  21  22  15  36  23  57   8  33  56   7  13  62  37  60   2   6   5  14  28  40  31  46  64  18  35   3  61  45  11  24  54  30  43  32
 58  49  21  55  22  41  29  20  32  54  61  30  45  43  24  11   6  62   2  37  13  60  14   5  25   1  16  59  38  26  52   9  53  50  19   4  39  34  63  12  46  28  40  31   3  64  35  18  10  51  47  17  42  27  44  48  23  56  57  36  33   7  15   8
  2  13  14  60  62   5  37   6  39  34  19  12  63  53  50   4  42  10  48  51  17  47  27  44  40  31   3  35  64  46  18  28  52  38  16   1   9  59  25  26  30  32  45  11  61  24  54  43   8  56  57   7  36  15  33  23  58  29  55  20  41  49  21  22
 48  17  27  47  10  44  51  42   9  59  16  26  25  52  38   1  36   8  23  56   7  57  15  33  45  11  61  54  24  30  43  32  18  64   3  31  28  35  40  46  12  39  63   4  19  50  34  53  22  29  55  49  20  21  41  58   2  37  60   6   5  13  14  62
 23   7  15  57   8  33  56  36  28  35   3  46  40  18  64  31  20  22  58  29  49  55  21  41  63   4  19  34  50  12  53  39  43  24  61  11  32  54  45  30  26   9  25   1  16  38  59  52  62  37  60  13   6  14   5   2  48  51  47  42  44  17  27  10
 16  26  52   1   9  59  25  38   8  33  23   7  56  15  36  57  64  28   3  40  46  31  18  35  37  60   2   5   6  13  14  62  21  20  58  55  22  41  29  49  17  10  51  47  48  42  44  27  32  45  11  30  24  43  54  61  19  63   4  50  34  12  53  39
 61  30  43  11  32  54  45  24  62   5   2  13  37  14   6  60  50  39  19  63  12   4  53  34  56  57  23  33  36   7  15   8  27  42  48  47  10  44  51  17  49  22  29  55  58  20  41  21   9  25   1  26  38  52  59  16   3  40  31  64  35  46  18  28

real    4m55.577s
user    4m54.184s
sys     0m0.021s
=========================================